t,disabled_mir,disabled_llvm,runtime_n,compile_time_n,size_n,hv
1,,,1.0,1.0,1.0000000000000002,0.0
2,,nofree-inference,0.9996117427994139,0.9971333021223592,1.0000000000000002,0.0
3,DeadStoreElimination-final;SingleUseConsts,,0.9796144850617586,1.3347335831020681,0.9987377529063829,0.0
4,SingleUseConsts,nofree-inference,0.9892813785860615,1.133249188019983,0.9993112859821192,0.0
5,DeadStoreElimination-final,,0.9898439047581321,1.1744171707703046,0.9994260716517654,0.0
6,DestinationPropagation;SingleUseConsts,,0.9876993094167017,1.2256265684712757,0.998725007726922,0.0
7,CopyProp;SingleUseConsts,,0.9686929146249522,1.2195407877538202,0.9986867721885394,0.0
8,,cgp-gc-opts,1.0039697317855867,0.9522000540797118,1.0000000000000002,0.0
9,CopyProp;DataflowConstProp,,0.961088449457291,1.1338572506147364,0.9986867721885394,0.0
10,CopyProp;DeadStoreElimination-final;ForceInline,,0.9484736435248945,1.395197077967083,0.9981135975389733,0.0
11,CopyProp,,0.9788082881026903,1.0730603168492425,0.9993750557985887,0.0
12,ForceInline,,0.9789509131967828,1.1071055586887597,0.9993112859821192,0.0
13,ForceInline,cgp-gc-opts,0.9828370857534294,1.0541859728553866,0.9993112859821192,0.0
14,GVN,,1.0341448437066678,1.1714493378715645,0.9994515795783534,0.0
15,DeadStoreElimination-final;DeadStoreElimination-initial,,0.9749693834208335,1.3356384988902277,0.9987377529063829,0.0
16,DataflowConstProp,,0.9818965175706194,1.0566575175792614,0.9993112859821192,0.0
17,DataflowConstProp;DeadStoreElimination-final,,0.9719242830205136,1.2409567322686095,0.9987377529063829,0.0
18,CopyProp;GVN,,1.0122295441187479,1.2570357976692965,0.9988269781091044,0.0
19,DataflowConstProp;EnumSizeOpt,,0.9679155497636834,1.1689381048396452,0.9986230462912364,0.0
20,DeadStoreElimination-initial,,0.9849728616140409,1.1372777341242188,0.9993112859821192,1.076
21,EnumSizeOpt,nofree-inference,0.9853785325319085,1.1030888372664944,0.9993112859821192,1.076
22,EnumSizeOpt,,0.9857612614397215,1.1062601508931786,0.9993112859821192,1.076
23,CopyProp;DeadStoreElimination-initial,,0.9640996005040474,1.2203676057249229,0.9986867721885394,1.076
24,EarlyOtherwiseBranch,,0.9834416227566262,1.129419865998144,0.9993112859821192,1.076
25,DataflowConstProp,cgp-gc-opts,0.9857943833865765,1.0061493453827066,0.9993112859821192,1.076
26,DeadStoreElimination-final;EnumSizeOpt;GVN,,1.0090665997873736,1.5219597679455426,0.9981900247268193,1.076
27,DestinationPropagation,,0.9980131532031218,1.0784151273242375,0.9994133176884711,1.076
28,DeadStoreElimination-final,nofree-inference,0.9894595907346533,1.1710504715593923,0.9994260716517654,1.076
29,DestinationPropagation;ForceInline,,0.977005887710597,1.19391938203471,0.998725007726922,1.076
30,GVN,cgp-gc-opts;nofree-inference,1.0347136835742712,1.1122564529063006,0.9994515795783534,1.076
31,CopyProp;DestinationPropagation,,0.9768635459907158,1.1572044782215625,0.9987887401307682,1.076
32,EarlyOtherwiseBranch;SingleUseConsts,,0.9732783666536167,1.283593821760629,0.9986230462912364,1.076
33,DataflowConstProp;GVN,,1.0154232206991898,1.237820749325237,0.9987632432653043,1.076
34,CopyProp;EarlyOtherwiseBranch,,0.962600811219345,1.2119356392637977,0.9986867721885394,1.076
35,DestinationPropagation;EarlyOtherwiseBranch;GVN,,1.01500041817865,1.4268059278216783,0.998177286537075,1.076
36,DeadStoreElimination-initial;DestinationPropagation,,0.9830158714389313,1.2264575124485897,0.998725007726922,1.076
37,CopyProp;SingleUseConsts,nofree-inference,0.9683168126256921,1.2160447327658699,0.9986867721885394,1.076
38,DeadStoreElimination-final;DestinationPropagation,,0.987877236566554,1.266509242748029,0.9988397260538462,1.076
39,DeadStoreElimination-initial;ForceInline,,0.9642400823511138,1.25908650122188,0.9986230462912364,1.076
40,DeadStoreElimination-final;DeadStoreElimination-initial;SingleUseConsts,cgp-gc-opts,0.9652301130484305,1.4454042460154282,0.9980499082157692,1.077
41,CopyProp;DeadStoreElimination-final;GVN;SingleUseConsts,,0.9915947236261858,1.6778078943107064,0.9975662116589594,1.077
42,DeadStoreElimination-final;GVN,,1.0236419701800963,1.3757702170838695,0.9988779659841454,1.077
43,DeadStoreElimination-final;EnumSizeOpt,cgp-gc-opts,0.9743044958735207,1.2371087049978595,0.9987377529063829,1.077
44,SingleUseConsts,,0.9896656233905154,1.1365072108291907,0.9993112859821192,1.077
45,EarlyOtherwiseBranch,nofree-inference,0.9830597944652348,1.126182160465322,0.9993112859821192,1.077
46,CopyProp,cgp-gc-opts,0.9826938944759672,1.0217680917346414,0.9993750557985887,1.077
47,DeadStoreElimination-initial;DestinationPropagation,cgp-gc-opts,0.9887267923735031,1.167832909680016,0.998725007726922,1.077
48,DeadStoreElimination-initial;SingleUseConsts,,0.9747937811119998,1.2925243455476576,0.9986230462912364,1.077
49,CopyProp;EnumSizeOpt;SingleUseConsts,nofree-inference,0.9545292026871928,1.3452618295624261,0.9979989626090607,1.077
50,CopyProp;EnumSizeOpt;GVN;SingleUseConsts,cgp-gc-opts;nofree-inference,0.9880480441593472,1.5005778541290111,0.9974516395971835,1.077
51,DeadStoreElimination-final;EarlyOtherwiseBranch;GVN,,1.006692120275704,1.5538222142231017,0.9981900247268193,1.077
52,DeadStoreElimination-final;GVN,nofree-inference,1.021905727105497,1.3718262995224337,0.9988779659841454,1.077
53,CopyProp;DeadStoreElimination-final;DeadStoreElimination-initial;SingleUseConsts,,0.9444459336960197,1.628865627090918,0.9974261827129104,1.077
54,CopyProp;GVN;SingleUseConsts,,1.0017687827945776,1.428630248321579,0.9981390719678426,1.077
55,DeadStoreElimination-final;EnumSizeOpt,nofree-inference,0.9753709343062223,1.2954864713708214,0.9987377529063829,1.077
56,EarlyOtherwiseBranch;EnumSizeOpt,,0.9694386546008986,1.2494321913808606,0.9986230462912364,1.077
57,DataflowConstProp;SingleUseConsts,nofree-inference,0.9713719405311153,1.1974562738119088,0.9986230462912364,1.077
58,CopyProp;EnumSizeOpt;GVN;SingleUseConsts,,0.9875048589985174,1.580436714078789,0.9974516395971835,1.077
59,EnumSizeOpt;GVN,,1.0194199256436685,1.2959277212775113,0.9987632432653043,1.077
60,DataflowConstProp;DeadStoreElimination-initial,cgp-gc-opts,0.9727601195880458,1.1442712477074104,0.9986230462912364,1.081
61,CopyProp;DataflowConstProp;DeadStoreElimination-final;DestinationPropagation;ForceInline,,0.9294526112665424,1.5898486280335142,0.9968410104144567,1.081
62,CopyProp;DeadStoreElimination-initial;ForceInline;SingleUseConsts,,0.9340525357709044,1.5355073435503326,0.9973116267336811,1.081
63,CopyProp;DeadStoreElimination-final;DeadStoreElimination-initial;DestinationPropagation;EnumSizeOpt,,0.9388509029517661,1.7098432695372952,0.9968410104144567,1.081
64,CopyProp;DeadStoreElimination-final;DeadStoreElimination-initial;EnumSizeOpt;ForceInline,,0.9209186731161216,1.7553323763995736,0.9967392413190743,1.081
65,DestinationPropagation;EnumSizeOpt,nofree-inference,0.9834207363508352,1.1895876888906918,0.998725007726922,1.081
66,DestinationPropagation,nofree-inference,0.997625667410111,1.0753236369675214,0.9994133176884711,1.081
67,EarlyOtherwiseBranch;EnumSizeOpt;GVN,,1.0025399859454487,1.4636465133085272,0.998075381019123,1.081
68,DataflowConstProp;EnumSizeOpt,cgp-gc-opts,0.9717579148873441,1.1130629266441459,0.9986230462912364,1.081
69,DeadStoreElimination-initial,cgp-gc-opts;nofree-inference,0.9903105073363675,1.079811527167387,0.9993112859821192,1.081
70,CopyProp;DeadStoreElimination-final;DestinationPropagation;SingleUseConsts,,0.9569496795812986,1.5445596795984256,0.9975280219464006,1.081
71,DataflowConstProp;EnumSizeOpt;GVN,nofree-inference,0.9992670954514432,1.3654262511175166,0.998075381019123,1.081
72,,cgp-gc-opts;nofree-inference,1.0035799333080504,0.9494703842055919,1.0000000000000002,1.081
73,EnumSizeOpt;SingleUseConsts,,0.9755740333169628,1.257272638543086,0.9986230462912364,1.081
74,DataflowConstProp;DeadStoreElimination-final;DeadStoreElimination-initial,cgp-gc-opts,0.9576528316802726,1.3438518013263436,0.9980499082157692,1.081
75,DataflowConstProp;ForceInline;SingleUseConsts,cgp-gc-opts,0.9550711804771475,1.2659707626586623,0.9979352806006764,1.081
76,CopyProp;DestinationPropagation;ForceInline,,0.9563014604162586,1.2811475103786178,0.9981008603245384,1.081
77,ForceInline,nofree-inference,0.9785708284557139,1.1039318215333422,0.9993112859821192,1.081
78,EnumSizeOpt;ForceInline,cgp-gc-opts,0.9688427254420404,1.1662039334004723,0.9986230462912364,1.081
79,DataflowConstProp;EnumSizeOpt;ForceInline,,0.9475418113385241,1.2941378736310754,0.9979352806006764,1.081
80,DestinationPropagation;EnumSizeOpt,,0.9838027048349435,1.1930076814791974,0.998725007726922,1.092
81,CopyProp;DeadStoreElimination-final;EnumSizeOpt;GVN,,0.9876827511194816,1.6331546308234435,0.9975662116589594,1.092
82,DeadStoreElimination-final;GVN;SingleUseConsts,,1.0130632685469805,1.5635727721598587,0.9981900247268193,1.092
83,DataflowConstProp;DestinationPropagation,nofree-inference,0.9795651686690531,1.136248804832404,0.998725007726922,1.092
84,DestinationPropagation;EarlyOtherwiseBranch;SingleUseConsts,,0.9713446116483603,1.3842469947265934,0.9980371718140919,1.092
85,CopyProp;SingleUseConsts,cgp-gc-opts;nofree-inference,0.9721607706552906,1.1579178603030098,0.9986867721885394,1.092
86,CopyProp;EarlyOtherwiseBranch,nofree-inference,0.9622270745230991,1.2084613859388829,0.9986867721885394,1.092
87,DeadStoreElimination-final;DestinationPropagation,nofree-inference,0.987493686116162,1.2628785433898306,0.9988397260538462,1.092
88,DestinationPropagation;GVN,,1.0320901563364413,1.263308686854657,0.9988652190153849,1.092
89,EarlyOtherwiseBranch;EnumSizeOpt,nofree-inference,0.9690622630627234,1.2458504467695728,0.9986230462912364,1.092
90,DeadStoreElimination-initial;EnumSizeOpt,nofree-inference,0.9705711129609983,1.2545183733841578,0.9986230462912364,1.092
91,DataflowConstProp;DestinationPropagation;EnumSizeOpt,,0.9659924498539869,1.2606005351647989,0.9980371718140919,1.092
92,DeadStoreElimination-initial,cgp-gc-opts,0.9906951518626641,1.082915919936733,0.9993112859821192,1.092
93,GVN,cgp-gc-opts,1.0364716876833073,1.1154541228729464,0.9994515795783534,1.092
94,CopyProp;DataflowConstProp;ForceInline,,0.9408584152590952,1.2552996649151287,0.9979989626090607,1.092
95,CopyProp;DataflowConstProp;EarlyOtherwiseBranch,,0.945174384346928,1.2806009040503197,0.9979989626090607,1.092
96,DeadStoreElimination-final;EarlyOtherwiseBranch;SingleUseConsts,cgp-gc-opts,0.9592041053590643,1.4354174190396907,0.9980499082157692,1.092
97,EnumSizeOpt,cgp-gc-opts;nofree-inference,0.9892902210133355,1.0503612504998825,0.9993112859821192,1.092
98,CopyProp;EarlyOtherwiseBranch,cgp-gc-opts,0.9636467081745074,1.1540051812481182,0.9986867721885394,1.092
99,CopyProp;DataflowConstProp;DeadStoreElimination-initial,,0.9466460403261494,1.2895106047994436,0.9979989626090607,1.092
100,DataflowConstProp;EnumSizeOpt;SingleUseConsts,cgp-gc-opts;nofree-inference,0.9613420096916684,1.2613776578346243,0.9979352806006764,1.092
101,CopyProp;ForceInline;GVN;SingleUseConsts,cgp-gc-opts,0.9828890174181236,1.5060419681775161,0.9974516395971835,1.092
102,DataflowConstProp;EarlyOtherwiseBranch,nofree-inference,0.9652629887491029,1.1899888460193364,0.9986230462912364,1.092
103,CopyProp;DataflowConstProp;EnumSizeOpt,,0.9474037622921652,1.2543410931563828,0.9979989626090607,1.092
104,CopyProp;DataflowConstProp;DestinationPropagation;EarlyOtherwiseBranch;EnumSizeOpt;ForceInline,,0.9102923043221643,1.691399023044661,0.9960400621157444,1.092
105,CopyProp;DataflowConstProp;DeadStoreElimination-final;EarlyOtherwiseBranch,cgp-gc-opts,0.9315065255821698,1.4320704987427093,0.9974261827129104,1.092
106,SingleUseConsts,cgp-gc-opts,0.9935943304727912,1.0821822276135376,0.9993112859821192,1.092
107,EnumSizeOpt;ForceInline,cgp-gc-opts;nofree-inference,0.9684665652776521,1.1628607790596965,0.9986230462912364,1.092
108,DataflowConstProp;DeadStoreElimination-initial;EarlyOtherwiseBranch;EnumSizeOpt,,0.9375842796508581,1.5014589911349634,0.9972479885839886,1.092
109,EarlyOtherwiseBranch;EnumSizeOpt;ForceInline,,0.9490328562098105,1.3832533242824292,0.9979352806006764,1.092
110,DataflowConstProp;ForceInline,cgp-gc-opts;nofree-inference,0.9646696264375918,1.1107202795829112,0.9986230462912364,1.092
111,CopyProp;DestinationPropagation;EnumSizeOpt;ForceInline;GVN,cgp-gc-opts;nofree-inference,0.9754090004434863,1.576381537420743,0.996866452363626,1.092
112,CopyProp;EnumSizeOpt,,0.9648712927877622,1.1870838680351252,0.9986867721885394,1.092
113,DataflowConstProp;EarlyOtherwiseBranch;EnumSizeOpt;SingleUseConsts,,0.9420512653326352,1.500441729392747,0.9972479885839886,1.092
114,EarlyOtherwiseBranch;ForceInline,cgp-gc-opts,0.9637871240292728,1.190618580199454,0.9986230462912364,1.092
115,CopyProp;EnumSizeOpt;SingleUseConsts,cgp-gc-opts,0.9586906461498734,1.2846410646743465,0.9979989626090607,1.092
116,CopyProp;SingleUseConsts,cgp-gc-opts,0.9725383656786115,1.161246804051602,0.9986867721885394,1.092
117,DataflowConstProp;DestinationPropagation;ForceInline,,0.9593186787890269,1.2615638904105624,0.9980371718140919,1.092
118,CopyProp;DeadStoreElimination-initial;EnumSizeOpt,nofree-inference,0.9500030495592776,1.3461738832368009,0.9979989626090607,1.092
119,DataflowConstProp;EarlyOtherwiseBranch,,0.9656379046187302,1.1934099919103012,0.9986230462912364,1.092
120,CopyProp;DeadStoreElimination-initial;DestinationPropagation,nofree-inference,0.9618105074026718,1.31229013222547,0.9981008603245384,1.099
121,CopyProp;DataflowConstProp;EnumSizeOpt;ForceInline,,0.927461778261983,1.3886879967251669,0.9973116267336811,1.099
122,DeadStoreElimination-final;DeadStoreElimination-initial;EnumSizeOpt;SingleUseConsts,,0.9511548137444149,1.679261739639443,0.9973625372534359,1.099
123,EnumSizeOpt;SingleUseConsts,cgp-gc-opts;nofree-inference,0.9790665232933033,1.1937431351686822,0.9986230462912364,1.099
124,CopyProp;DeadStoreElimination-initial;GVN,nofree-inference,0.9953275445949687,1.4255005957726279,0.9981390719678426,1.099
125,DataflowConstProp;SingleUseConsts,cgp-gc-opts,0.975606812969145,1.143495986198516,0.9986230462912364,1.099
126,CopyProp;DataflowConstProp;EarlyOtherwiseBranch;ForceInline,,0.9252793266866325,1.4177603793359599,0.9973116267336811,1.099
127,DataflowConstProp;EarlyOtherwiseBranch;ForceInline;SingleUseConsts,cgp-gc-opts,0.936559394856047,1.4298125291195147,0.9972479885839886,1.099
128,CopyProp;DataflowConstProp,cgp-gc-opts,0.9649037128238621,1.0796589353540254,0.9986867721885394,1.099
129,CopyProp;DataflowConstProp;DestinationPropagation;ForceInline,,0.938989073730422,1.3537341479695213,0.9974134542707735,1.099
130,DataflowConstProp;DestinationPropagation,cgp-gc-opts,0.9838357609735644,1.0850466744080898,0.998725007726922,1.099
131,DataflowConstProp;DestinationPropagation;EnumSizeOpt;ForceInline,,0.9456591909257581,1.3956178597669744,0.9973498096234971,1.099
132,DeadStoreElimination-final;DestinationPropagation;SingleUseConsts,,0.9776681411599385,1.4393968869649525,0.9981518111328964,1.099
133,DataflowConstProp;DeadStoreElimination-final;DestinationPropagation;EnumSizeOpt,,0.9561817385303445,1.480470913979775,0.9974643699885956,1.099
134,CopyProp;EnumSizeOpt;ForceInline;GVN;SingleUseConsts,,0.966718783502859,1.7497102713124257,0.9967646806708345,1.099
135,CopyProp;DeadStoreElimination-initial;SingleUseConsts,,0.9541362321433848,1.3869565837687294,0.9979989626090607,1.099
136,EnumSizeOpt;GVN;SingleUseConsts,,1.0088848562088542,1.472831199945333,0.998075381019123,1.099
137,CopyProp;DataflowConstProp;DestinationPropagation;EnumSizeOpt;ForceInline,,0.9256190537986164,1.497582142802011,0.996726521643194,1.099
138,DataflowConstProp;DeadStoreElimination-final;EnumSizeOpt;ForceInline;GVN,,0.969943566586584,1.780436343341882,0.9968155632702207,1.099
139,CopyProp;ForceInline,,0.9582052674827085,1.1879910415921184,0.9986867721885394,1.099
140,DataflowConstProp;DestinationPropagation;ForceInline,nofree-inference,0.9589462164043302,1.257947367883414,0.9980371718140919,1.102
141,CopyProp;DeadStoreElimination-final;DeadStoreElimination-initial;ForceInline;SingleUseConsts,,0.9245662092567069,1.803326190109408,0.9967392413190743,1.102
142,DeadStoreElimination-initial;DestinationPropagation;EnumSizeOpt,cgp-gc-opts,0.9746485700693539,1.2919270108806342,0.9980371718140919,1.102
143,DataflowConstProp;DeadStoreElimination-final;EnumSizeOpt,,0.9580853072541984,1.3728209818913777,0.9980499082157692,1.102
144,DataflowConstProp;ForceInline,cgp-gc-opts,0.9650443118405486,1.1139135331442513,0.9986230462912364,1.102
145,DataflowConstProp;DestinationPropagation;SingleUseConsts,nofree-inference,0.9694419733024937,1.2913549599880767,0.9980371718140919,1.102
146,CopyProp;DataflowConstProp;EarlyOtherwiseBranch;ForceInline;GVN;SingleUseConsts,cgp-gc-opts,0.9463892239349854,1.7973255330593034,0.9960781948627276,1.102
147,DataflowConstProp;DeadStoreElimination-final;EarlyOtherwiseBranch;EnumSizeOpt;SingleUseConsts,,0.9324837029591947,1.7621445307391328,0.99667563969312,1.102
148,CopyProp;DataflowConstProp;ForceInline,cgp-gc-opts,0.9445933708158861,1.1952964088184297,0.9979989626090607,1.102
149,CopyProp;DataflowConstProp;DestinationPropagation;EarlyOtherwiseBranch;ForceInline,,0.9234409384201877,1.5289342399968484,0.996726521643194,1.102
150,CopyProp;DataflowConstProp;EarlyOtherwiseBranch;EnumSizeOpt;SingleUseConsts,,0.9220875863252099,1.6100644775560067,0.9966247642361538,1.102
151,DataflowConstProp;DestinationPropagation;ForceInline;SingleUseConsts,nofree-inference,0.9490361050557676,1.4296662544431007,0.9973498096234971,1.102
152,DataflowConstProp;DeadStoreElimination-initial;EarlyOtherwiseBranch;ForceInline,cgp-gc-opts,0.9338266367460157,1.4307819060409386,0.9972479885839886,1.102
153,CopyProp;DataflowConstProp;DestinationPropagation;ForceInline;SingleUseConsts,,0.9292852070103007,1.5385286207130713,0.996726521643194,1.102
154,DataflowConstProp;DeadStoreElimination-final,nofree-inference,0.9715469264192064,1.2373992842379709,0.9987377529063829,1.102
155,DataflowConstProp;EnumSizeOpt;SingleUseConsts,cgp-gc-opts,0.9617154026216508,1.2650040422377142,0.9979352806006764,1.102
156,CopyProp;DataflowConstProp;EarlyOtherwiseBranch;EnumSizeOpt;ForceInline,,0.9121045162587109,1.5684118111745693,0.9966247642361538,1.102
157,CopyProp;DataflowConstProp;EnumSizeOpt;ForceInline;GVN,nofree-inference,0.9575029944837194,1.6221141542823194,0.9967646806708345,1.102
158,DataflowConstProp;EarlyOtherwiseBranch,cgp-gc-opts;nofree-inference,0.9663117782463657,1.1331074435338657,0.9986230462912364,1.102
159,CopyProp;DataflowConstProp;EarlyOtherwiseBranch;ForceInline,cgp-gc-opts,0.9262846726401958,1.3499915098757738,0.9973116267336811,1.102
160,CopyProp;DataflowConstProp;DestinationPropagation,,0.9591789139499703,1.2227688112892006,0.9981008603245384,1.107
161,CopyProp;DataflowConstProp;DestinationPropagation;EnumSizeOpt;ForceInline,cgp-gc-opts,0.9292935131778256,1.4259977973648859,0.996726521643194,1.107
162,DataflowConstProp;EarlyOtherwiseBranch;ForceInline,,0.9453121085439339,1.321230835838602,0.9979352806006764,1.107
163,DestinationPropagation;ForceInline,cgp-gc-opts,0.9808843390377473,1.136850100140267,0.998725007726922,1.107
164,DataflowConstProp;DestinationPropagation;EarlyOtherwiseBranch;EnumSizeOpt;ForceInline,cgp-gc-opts,0.9310110850787657,1.5008944193765845,0.9966629208288782,1.107
165,DataflowConstProp;EarlyOtherwiseBranch;EnumSizeOpt;ForceInline,,0.9318520565725112,1.4616250238195325,0.9972479885839886,1.107
166,CopyProp;DataflowConstProp;DeadStoreElimination-final;DestinationPropagation,nofree-inference,0.949068775638247,1.4319239930683363,0.9975280219464006,1.107
167,DataflowConstProp;EarlyOtherwiseBranch;EnumSizeOpt;ForceInline,cgp-gc-opts,0.9328645440099529,1.3917594267252187,0.9972479885839886,1.107
168,CopyProp;DeadStoreElimination-initial;ForceInline,cgp-gc-opts,0.9492893129843865,1.2864944116823265,0.9979989626090607,1.107
169,CopyProp;DataflowConstProp;DeadStoreElimination-initial;EnumSizeOpt,cgp-gc-opts,0.9385883141592959,1.3583459388098917,0.9973116267336811,1.107
170,CopyProp;DataflowConstProp;EnumSizeOpt,cgp-gc-opts,0.951164701121121,1.1943836567379125,0.9979989626090607,1.107
171,CopyProp;ForceInline;GVN,,0.9909230365798115,1.3916713190704375,0.9981390719678426,1.107
172,CopyProp;DataflowConstProp;DeadStoreElimination-final;EnumSizeOpt;ForceInline;GVN,,0.9493888019668321,1.9105155867163468,0.9961926091640781,1.107
173,DataflowConstProp;DestinationPropagation;ForceInline;GVN,,0.9920744651411654,1.4778581841041283,0.9974898278475063,1.107
174,CopyProp;DataflowConstProp;DestinationPropagation;GVN,cgp-gc-opts,0.9941617877319676,1.3639425118729906,0.997553481429873,1.107
175,EnumSizeOpt;ForceInline,nofree-inference,0.9646372142666179,1.2212357834652567,0.9986230462912364,1.107
176,CopyProp;DataflowConstProp;DeadStoreElimination-final;DestinationPropagation;EnumSizeOpt;ForceInline,cgp-gc-opts,0.914861276111663,1.6747162987059552,0.9961544720369854,1.107
177,CopyProp;ForceInline,cgp-gc-opts,0.9620090853901513,1.131205134050228,0.9986867721885394,1.107
178,DeadStoreElimination-final;EarlyOtherwiseBranch;ForceInline;SingleUseConsts,,0.9431151021139139,1.6689335364440976,0.9973625372534359,1.107
179,DataflowConstProp;DestinationPropagation;SingleUseConsts,,0.9698185123231651,1.2950675273200465,0.9980371718140919,1.107
180,CopyProp;DataflowConstProp;DestinationPropagation;EnumSizeOpt;GVN,cgp-gc-opts,0.9800061779498332,1.5088752489942356,0.996866452363626,1.107
181,CopyProp;EarlyOtherwiseBranch;ForceInline,,0.942338943187142,1.3417406830019658,0.9979989626090607,1.107
182,DataflowConstProp;DeadStoreElimination-final;DestinationPropagation,,0.9699932183719865,1.3382665124333222,0.9981518111328964,1.107
183,CopyProp;DataflowConstProp;SingleUseConsts,,0.9511561994655737,1.2886369413746084,0.9979989626090607,1.107
184,CopyProp;DeadStoreElimination-initial;ForceInline,,0.9438061843260908,1.3510757599417549,0.9979989626090607,1.107
185,DataflowConstProp;DestinationPropagation,,0.9799456396198185,1.1395154513583519,0.998725007726922,1.107
186,CopyProp;DataflowConstProp;DestinationPropagation;ForceInline,cgp-gc-opts,0.9427166085027284,1.2890257289061307,0.9974134542707735,1.107
187,DataflowConstProp;DeadStoreElimination-initial;DestinationPropagation;GVN,nofree-inference,0.996484091087928,1.51378252396194,0.9974898278475063,1.107
188,CopyProp;ForceInline;GVN,cgp-gc-opts,0.9931526307348378,1.3251495052800542,0.9981390719678426,1.107
189,DataflowConstProp;EarlyOtherwiseBranch,cgp-gc-opts,0.9666871014742269,1.136365058836257,0.9986230462912364,1.107
190,CopyProp;DeadStoreElimination-final;ForceInline,cgp-gc-opts,0.9470687646160665,1.3285067330921123,0.9981135975389733,1.107
191,DataflowConstProp;EarlyOtherwiseBranch;ForceInline,cgp-gc-opts,0.9463392207637455,1.2580760733372995,0.9979352806006764,1.107
192,EnumSizeOpt;ForceInline;GVN;SingleUseConsts,,0.9876487512960628,1.6305796084697144,0.9973879925133131,1.107
193,DataflowConstProp;DeadStoreElimination-final;EarlyOtherwiseBranch;EnumSizeOpt,cgp-gc-opts,0.938123490430514,1.4763778896236586,0.9973625372534359,1.107
194,DeadStoreElimination-final;ForceInline,cgp-gc-opts,0.9675732992125075,1.238054107706564,0.9987377529063829,1.107
195,CopyProp;DataflowConstProp;DeadStoreElimination-initial;EarlyOtherwiseBranch;ForceInline;SingleUseConsts,,0.9019565334456275,1.8324898064446102,0.9959383747904568,1.107
196,CopyProp;EarlyOtherwiseBranch,cgp-gc-opts;nofree-inference,0.9632725654012375,1.1506969970442478,0.9986867721885394,1.107
197,EnumSizeOpt,cgp-gc-opts,0.989674469252259,1.0533809755067147,0.9993112859821192,1.107
198,DataflowConstProp;DestinationPropagation,cgp-gc-opts;nofree-inference,0.9834537796551723,1.0819361734094228,0.998725007726922,1.107
199,CopyProp;DataflowConstProp;DeadStoreElimination-final;DestinationPropagation;EarlyOtherwiseBranch;EnumSizeOpt;ForceInline,cgp-gc-opts,0.8971288639494986,1.891457857669388,0.9954684064881186,1.107
200,DataflowConstProp;DeadStoreElimination-initial;ForceInline,cgp-gc-opts,0.9522844073921292,1.2668290589845972,0.9979352806006764,1.108
201,CopyProp;DataflowConstProp;EarlyOtherwiseBranch;ForceInline;GVN,cgp-gc-opts,0.9562716957801681,1.581446660376209,0.9967646806708345,1.108
202,DataflowConstProp;DeadStoreElimination-final;EarlyOtherwiseBranch;ForceInline,cgp-gc-opts,0.9316422581944432,1.4775061426626057,0.9973625372534359,1.108
203,CopyProp;DataflowConstProp;DeadStoreElimination-final;DestinationPropagation;EarlyOtherwiseBranch;EnumSizeOpt;ForceInline,,0.901047288981529,1.986408055287768,0.9954684064881186,1.108
204,DeadStoreElimination-initial;ForceInline,nofree-inference,0.9638657091960473,1.255477080621061,0.9986230462912364,1.108
205,ForceInline,cgp-gc-opts;nofree-inference,0.9824554921778826,1.0511639401643633,0.9993112859821192,1.108
206,CopyProp;DataflowConstProp;DeadStoreElimination-final;ForceInline,,0.9313029675846108,1.4742454809385368,0.9974261827129104,1.108
207,CopyProp;DeadStoreElimination-initial;EarlyOtherwiseBranch;EnumSizeOpt;ForceInline,cgp-gc-opts,0.917634901553639,1.6073875319874802,0.9966247642361538,1.108
208,CopyProp;DataflowConstProp;EarlyOtherwiseBranch;EnumSizeOpt;ForceInline;GVN;SingleUseConsts,,0.9335003004572686,2.088121720732332,0.9953921818470198,1.108
209,CopyProp;DataflowConstProp;DestinationPropagation,cgp-gc-opts,0.9629865969727421,1.1643205282365618,0.9981008603245384,1.108
210,DataflowConstProp;DestinationPropagation;EnumSizeOpt;ForceInline,cgp-gc-opts,0.9494132042743084,1.3289074015447244,0.9973498096234971,1.108
211,CopyProp;DataflowConstProp;DestinationPropagation;EarlyOtherwiseBranch;EnumSizeOpt;ForceInline,cgp-gc-opts,0.9112813663905748,1.610550241213498,0.9960400621157444,1.108
212,EarlyOtherwiseBranch,cgp-gc-opts,0.9845101639284524,1.0754336574821337,0.9993112859821192,1.108
213,DataflowConstProp;DeadStoreElimination-initial;DestinationPropagation;EarlyOtherwiseBranch;EnumSizeOpt;ForceInline,,0.9160253614437874,1.7926209908463144,0.9959765051042011,1.108
214,CopyProp;DataflowConstProp;DeadStoreElimination-final;EarlyOtherwiseBranch;EnumSizeOpt;ForceInline,,0.9028410959210497,1.841969761882367,0.9960527730314057,1.108
215,DataflowConstProp;EnumSizeOpt;ForceInline,cgp-gc-opts,0.951303298185167,1.2322781532581133,0.9979352806006764,1.108
216,DestinationPropagation;EarlyOtherwiseBranch;ForceInline,,0.9608282556528877,1.3484362684702293,0.9980371718140919,1.108
217,CopyProp;EnumSizeOpt;ForceInline,cgp-gc-opts,0.9483112895306683,1.2514071622855436,0.9979989626090607,1.108
218,DataflowConstProp;EnumSizeOpt;ForceInline,cgp-gc-opts;nofree-inference,0.9509339478297053,1.228745584091505,0.9979352806006764,1.108
219,CopyProp;DataflowConstProp;DeadStoreElimination-final;DestinationPropagation;EarlyOtherwiseBranch,,0.9337162588821374,1.6218928812512114,0.9968410104144567,1.108
220,DataflowConstProp;DeadStoreElimination-final;ForceInline;SingleUseConsts,cgp-gc-opts;nofree-inference,0.9398735532621467,1.48251565859183,0.9973625372534359,1.108
221,CopyProp;DataflowConstProp;DeadStoreElimination-initial;DestinationPropagation;EarlyOtherwiseBranch;ForceInline;GVN;SingleUseConsts,cgp-gc-opts,0.9320205102736349,2.2043434023362485,0.9948082028608957,1.108
222,CopyProp;DataflowConstProp;GVN,,0.993904664352294,1.3282563254735056,0.9981390719678426,1.108
223,CopyProp;EarlyOtherwiseBranch;EnumSizeOpt;SingleUseConsts,cgp-gc-opts,0.9401087057864184,1.4508991391202137,0.9973116267336811,1.108
224,CopyProp;DataflowConstProp;EarlyOtherwiseBranch;EnumSizeOpt,cgp-gc-opts,0.932728633320692,1.3489606295433065,0.9973116267336811,1.108
225,CopyProp;DataflowConstProp;EnumSizeOpt;ForceInline,cgp-gc-opts,0.9311435527630665,1.3223087855815505,0.9973116267336811,1.108
226,CopyProp;DataflowConstProp;DeadStoreElimination-initial;DestinationPropagation;EarlyOtherwiseBranch,cgp-gc-opts,0.9318354857379122,1.4955278799159435,0.996726521643194,1.108
227,DataflowConstProp;EarlyOtherwiseBranch;EnumSizeOpt,cgp-gc-opts,0.952922696566742,1.2571153814579334,0.9979352806006764,1.108
228,CopyProp;ForceInline,cgp-gc-opts;nofree-inference,0.9616355784357191,1.12796231069327,0.9986867721885394,1.108
229,DeadStoreElimination-final;ForceInline,,0.9690085944852428,1.3002037779793307,0.9987377529063829,1.108
230,CopyProp;DataflowConstProp;EnumSizeOpt;SingleUseConsts,cgp-gc-opts,0.9413350068820875,1.3574256383791743,0.9973116267336811,1.108
231,CopyProp;DataflowConstProp;DeadStoreElimination-final;GVN,cgp-gc-opts,0.9806705669808913,1.4853626078685467,0.9975662116589594,1.108
232,DataflowConstProp;EnumSizeOpt;GVN,cgp-gc-opts;nofree-inference,1.0015154638847965,1.3001589501559572,0.998075381019123,1.108
233,CopyProp;DataflowConstProp;EarlyOtherwiseBranch;SingleUseConsts,,0.9354065962974493,1.4554121616475686,0.9973116267336811,1.108
234,CopyProp;EnumSizeOpt,cgp-gc-opts,0.9687015730277421,1.1303413233401995,0.9986867721885394,1.108
235,CopyProp;DataflowConstProp;DestinationPropagation;EnumSizeOpt;ForceInline,cgp-gc-opts;nofree-inference,0.9289327082798764,1.4219098925056592,0.996726521643194,1.108
236,CopyProp,cgp-gc-opts;nofree-inference,0.9823123564954649,1.0188389913146245,0.9993750557985887,1.108
237,DestinationPropagation,cgp-gc-opts,1.001974997739826,1.0268669425585182,0.9994133176884711,1.108
238,DestinationPropagation;EnumSizeOpt;ForceInline,cgp-gc-opts,0.9669177833763174,1.257651963324097,0.9980371718140919,1.108
239,CopyProp;DataflowConstProp;EarlyOtherwiseBranch;EnumSizeOpt;ForceInline,cgp-gc-opts,0.9130955473540788,1.4934418114196835,0.9966247642361538,1.108
240,DataflowConstProp;EarlyOtherwiseBranch;EnumSizeOpt;ForceInline;SingleUseConsts,,0.9222219464755682,1.6611473790992861,0.9965611699149469,1.108
241,CopyProp;DeadStoreElimination-final,nofree-inference,0.9684912481537745,1.2566077900579764,0.9988014861235471,1.108
242,CopyProp;DataflowConstProp;EarlyOtherwiseBranch;EnumSizeOpt;ForceInline;GVN;SingleUseConsts,cgp-gc-opts,0.9329138351991102,1.9883096154063475,0.9953921818470198,1.108
243,DeadStoreElimination-final,cgp-gc-opts;nofree-inference,0.9879940034517062,1.1150743223489255,0.9994260716517654,1.108
244,DataflowConstProp;EnumSizeOpt;ForceInline,nofree-inference,0.9471739214074154,1.2904279713353624,0.9979352806006764,1.108
245,CopyProp;DataflowConstProp;DestinationPropagation;EarlyOtherwiseBranch,cgp-gc-opts,0.9443213898096002,1.3150067349798262,0.9974134542707735,1.108
246,CopyProp;DataflowConstProp;EnumSizeOpt;ForceInline;SingleUseConsts,cgp-gc-opts,0.9215207646113196,1.502813469756222,0.9966247642361538,1.108
247,CopyProp;DeadStoreElimination-initial;DestinationPropagation;EnumSizeOpt;ForceInline,cgp-gc-opts,0.9339133937849446,1.5347977153170764,0.996726521643194,1.108
248,DataflowConstProp;DeadStoreElimination-initial;DestinationPropagation;EarlyOtherwiseBranch;ForceInline,,0.9292568061620887,1.6204334842929828,0.9966629208288782,1.108
249,DataflowConstProp;DeadStoreElimination-initial;DestinationPropagation;EnumSizeOpt;ForceInline,,0.9314486393977627,1.587205117259076,0.9966629208288782,1.108
250,CopyProp;DataflowConstProp;DeadStoreElimination-initial;ForceInline,,0.9267200056514027,1.4276243585615684,0.9973116267336811,1.108
251,CopyProp;DataflowConstProp;EarlyOtherwiseBranch;ForceInline,cgp-gc-opts;nofree-inference,0.9259250359462505,1.3461214920795797,0.9973116267336811,1.108
252,CopyProp;DataflowConstProp;ForceInline,nofree-inference,0.9404931202046388,1.2517011000299132,0.9979989626090607,1.108
253,CopyProp;DataflowConstProp;DestinationPropagation;ForceInline;SingleUseConsts,cgp-gc-opts,0.9329742200344452,1.4649870358461707,0.996726521643194,1.108
254,CopyProp;DataflowConstProp;EarlyOtherwiseBranch;EnumSizeOpt;ForceInline;GVN,nofree-inference,0.9416482986893979,1.8320479507632301,0.9960781948627276,1.108
255,CopyProp;DataflowConstProp;DestinationPropagation;EarlyOtherwiseBranch;ForceInline;SingleUseConsts,cgp-gc-opts,0.9148907314899969,1.654585461714401,0.9960400621157444,1.108
256,CopyProp;DataflowConstProp;EarlyOtherwiseBranch;EnumSizeOpt;GVN,,0.9635296006112458,1.6595662114518515,0.9967646806708345,1.108
257,DataflowConstProp;DeadStoreElimination-initial;DestinationPropagation;EarlyOtherwiseBranch;EnumSizeOpt,,0.9357214433280306,1.6191960890969326,0.9966629208288782,1.108
258,CopyProp;DataflowConstProp;EarlyOtherwiseBranch;EnumSizeOpt;ForceInline;GVN,cgp-gc-opts,0.9426555931113602,1.7494914211372983,0.9960781948627276,1.108
259,CopyProp;DataflowConstProp;DestinationPropagation;EarlyOtherwiseBranch;ForceInline;GVN,cgp-gc-opts,0.954371730424462,1.7054560016060996,0.9961798964639277,1.108
260,CopyProp;DataflowConstProp;DeadStoreElimination-initial;SingleUseConsts,cgp-gc-opts,0.942305835474661,1.3954854588331422,0.9973116267336811,1.108
261,CopyProp;DataflowConstProp;EarlyOtherwiseBranch;EnumSizeOpt,,0.93171629339434,1.4166777493486475,0.9973116267336811,1.108
262,DataflowConstProp,cgp-gc-opts;nofree-inference,0.9854116416189294,1.0032650191897083,0.9993112859821192,1.108
263,CopyProp;DestinationPropagation;EarlyOtherwiseBranch;EnumSizeOpt;ForceInline,cgp-gc-opts,0.9280828988427838,1.5241932361425596,0.996726521643194,1.108
264,CopyProp;DeadStoreElimination-initial;ForceInline,cgp-gc-opts;nofree-inference,0.9489207445731808,1.28280642088276,0.9979989626090607,1.108
265,CopyProp;DataflowConstProp;DestinationPropagation;EarlyOtherwiseBranch,,0.9432964676488973,1.3810193869929592,0.9974134542707735,1.108
266,CopyProp;DeadStoreElimination-initial;DestinationPropagation;ForceInline;GVN;SingleUseConsts,cgp-gc-opts;nofree-inference,0.9663243305907344,1.841801418358149,0.9961798964639277,1.108
267,CopyProp;DataflowConstProp;DeadStoreElimination-initial;EarlyOtherwiseBranch;ForceInline,cgp-gc-opts,0.9140372516980605,1.5353152854384526,0.9966247642361538,1.108
268,CopyProp;GVN,cgp-gc-opts,1.0145070782882042,1.196949554520838,0.9988269781091044,1.108
269,CopyProp;DataflowConstProp;DeadStoreElimination-initial;DestinationPropagation;EarlyOtherwiseBranch;EnumSizeOpt;ForceInline,cgp-gc-opts,0.89923232054045,1.831642929020501,0.9953540753625941,1.108
270,CopyProp;DataflowConstProp;DeadStoreElimination-final;DestinationPropagation;EarlyOtherwiseBranch;EnumSizeOpt;ForceInline;SingleUseConsts,cgp-gc-opts,0.8878575964022055,2.149655494220792,0.9947828134422124,1.108
271,CopyProp;DataflowConstProp;DeadStoreElimination-initial;DestinationPropagation;EnumSizeOpt,cgp-gc-opts,0.9367234829737213,1.4648608085520305,0.996726521643194,1.108
272,CopyProp;DataflowConstProp;DestinationPropagation;ForceInline,cgp-gc-opts;nofree-inference,0.9423505919913651,1.2853304815848512,0.9974134542707735,1.108
273,CopyProp;DestinationPropagation;EnumSizeOpt;ForceInline,cgp-gc-opts;nofree-inference,0.9460596831305761,1.345667701076096,0.9974134542707735,1.108
274,CopyProp;DeadStoreElimination-final;DestinationPropagation;EarlyOtherwiseBranch,nofree-inference,0.9505622233293989,1.530527514795688,0.9975280219464006,1.108
275,DataflowConstProp;DeadStoreElimination-initial;EnumSizeOpt;ForceInline,,0.9333029694130577,1.471794188567484,0.9972479885839886,1.108
276,DataflowConstProp;DestinationPropagation;ForceInline,cgp-gc-opts;nofree-inference,0.9627529756802587,1.1978175517280178,0.9980371718140919,1.108
277,CopyProp;DataflowConstProp;DeadStoreElimination-initial;SingleUseConsts,,0.9368630436295418,1.4655381007952784,0.9973116267336811,1.108
278,CopyProp;EarlyOtherwiseBranch;ForceInline,cgp-gc-opts;nofree-inference,0.9429965575569492,1.27394304179415,0.9979989626090607,1.108
279,DataflowConstProp,nofree-inference,0.9815152891774419,1.0536283997162235,0.9993112859821192,1.108
280,DataflowConstProp;DeadStoreElimination-final;DestinationPropagation;EarlyOtherwiseBranch;EnumSizeOpt;ForceInline,cgp-gc-opts,0.9165521735502282,1.7626761776291875,0.9960909077249801,1.108
281,CopyProp;DestinationPropagation;EarlyOtherwiseBranch;ForceInline,cgp-gc-opts,0.9414885075594293,1.3777891528606068,0.9974134542707735,1.108
282,CopyProp;DataflowConstProp,cgp-gc-opts;nofree-inference,0.9645290820094858,1.0765638793754697,0.9986867721885394,1.108
283,DataflowConstProp;DeadStoreElimination-initial;DestinationPropagation;EarlyOtherwiseBranch;ForceInline,cgp-gc-opts,0.9319712662839575,1.542976851376354,0.9966629208288782,1.108
284,DataflowConstProp;DeadStoreElimination-final;EnumSizeOpt;ForceInline,cgp-gc-opts,0.9365292418439352,1.447208622351449,0.9973625372534359,1.108
285,CopyProp;DataflowConstProp;DestinationPropagation;EarlyOtherwiseBranch;SingleUseConsts,,0.9335480866978171,1.5695384916124067,0.996726521643194,1.108
286,CopyProp;DataflowConstProp;DeadStoreElimination-initial;ForceInline,cgp-gc-opts,0.9321038705863747,1.3593839914278394,0.9973116267336811,1.108
287,CopyProp;DestinationPropagation,nofree-inference,0.9764842716849947,1.1538871225998484,0.9987887401307682,1.108
288,CopyProp;DataflowConstProp;DeadStoreElimination-final;EarlyOtherwiseBranch;EnumSizeOpt;ForceInline,cgp-gc-opts,0.8989148700797828,1.7539237068775835,0.9960527730314057,1.108
289,CopyProp;DataflowConstProp;DeadStoreElimination-final;ForceInline,nofree-inference,0.9309413825015189,1.4700192645472085,0.9974261827129104,1.108
290,DataflowConstProp;DestinationPropagation;EnumSizeOpt,cgp-gc-opts;nofree-inference,0.9694506384005447,1.1969028744526964,0.9980371718140919,1.108
291,CopyProp;DataflowConstProp;DeadStoreElimination-initial;ForceInline,cgp-gc-opts;nofree-inference,0.9317419745469254,1.355487048224714,0.9973116267336811,1.108
292,DeadStoreElimination-initial;DestinationPropagation;EnumSizeOpt;ForceInline,nofree-inference,0.9482536918047224,1.4977938011020033,0.9973498096234971,1.108
293,DestinationPropagation;EnumSizeOpt;ForceInline,cgp-gc-opts;nofree-inference,0.9665423705845465,1.2540466551100249,0.9980371718140919,1.108
294,CopyProp;DataflowConstProp;EnumSizeOpt,cgp-gc-opts;nofree-inference,0.9507954045769673,1.1909597196440531,0.9979989626090607,1.108
295,DataflowConstProp;DeadStoreElimination-final;DestinationPropagation;EarlyOtherwiseBranch;EnumSizeOpt;ForceInline;SingleUseConsts,cgp-gc-opts,0.9070801782065184,2.0032941862324067,0.995404885953746,1.108
296,CopyProp;DataflowConstProp;ForceInline;GVN,cgp-gc-opts;nofree-inference,0.9735190765745898,1.396215152632969,0.9974516395971835,1.108
297,CopyProp;DestinationPropagation;EarlyOtherwiseBranch;ForceInline,nofree-inference,0.9401015171236113,1.44280547111296,0.9974134542707735,1.108
298,CopyProp;DataflowConstProp;DeadStoreElimination-initial;EarlyOtherwiseBranch;EnumSizeOpt;ForceInline,cgp-gc-opts,0.9010225142367763,1.6984581193377464,0.9959383747904568,1.108
299,CopyProp;DataflowConstProp;EarlyOtherwiseBranch;ForceInline;GVN;SingleUseConsts,,0.9469841603370324,1.8875503370942295,0.9960781948627276,1.108
300,CopyProp;DataflowConstProp;EarlyOtherwiseBranch,cgp-gc-opts;nofree-inference,0.9458339774387917,1.2158926323826853,0.9979989626090607,1.109
301,CopyProp;DestinationPropagation;ForceInline,cgp-gc-opts;nofree-inference,0.9597249558669403,1.216411618903224,0.9981008603245384,1.109
302,CopyProp;DataflowConstProp;DestinationPropagation;EarlyOtherwiseBranch;EnumSizeOpt;ForceInline;GVN,cgp-gc-opts,0.9407826808656277,1.886678013678441,0.9954938134049017,1.109
303,DataflowConstProp;DeadStoreElimination-initial;EnumSizeOpt;ForceInline,cgp-gc-opts,0.9387250786802429,1.4014425059481637,0.9972479885839886,1.109
304,CopyProp;DataflowConstProp;EnumSizeOpt;ForceInline;GVN,cgp-gc-opts,0.9612878745769591,1.5490177513312602,0.9967646806708345,1.109
305,CopyProp;DeadStoreElimination-initial;EarlyOtherwiseBranch;ForceInline,cgp-gc-opts,0.9308895951271379,1.4529923460496146,0.9973116267336811,1.109
306,CopyProp;EarlyOtherwiseBranch;GVN,cgp-gc-opts;nofree-inference,0.9931558726437889,1.3479832352782817,0.9981390719678426,1.109
307,CopyProp;DataflowConstProp;DeadStoreElimination-final;EnumSizeOpt;ForceInline,cgp-gc-opts,0.9166825839673726,1.5529421428474017,0.9967392413190743,1.109
308,CopyProp;DeadStoreElimination-final;DeadStoreElimination-initial;DestinationPropagation;EnumSizeOpt;ForceInline,cgp-gc-opts,0.9194094084377559,1.8024927905274084,0.9961544720369854,1.109
309,CopyProp;DataflowConstProp;DeadStoreElimination-initial;DestinationPropagation;EarlyOtherwiseBranch;EnumSizeOpt;ForceInline;SingleUseConsts,cgp-gc-opts,0.8899393150805642,2.0816753964960983,0.9946685610581367,1.109
310,CopyProp;DestinationPropagation,cgp-gc-opts,0.9807414322594161,1.1018901667438565,0.9987887401307682,1.109
311,DataflowConstProp;DeadStoreElimination-initial;DestinationPropagation;EnumSizeOpt,cgp-gc-opts,0.9570040368062824,1.3651243882107262,0.9973498096234971,1.109
312,DataflowConstProp;DeadStoreElimination-final;DestinationPropagation;EarlyOtherwiseBranch,nofree-inference,0.9535613338854367,1.5071318722505502,0.9974643699885956,1.109
313,CopyProp;DeadStoreElimination-initial;EnumSizeOpt;ForceInline,,0.9303675748158975,1.4946412740612816,0.9973116267336811,1.109
314,CopyProp;DataflowConstProp;SingleUseConsts,cgp-gc-opts;nofree-inference,0.9545612752251994,1.2235226118284683,0.9979989626090607,1.109
315,CopyProp;DataflowConstProp;ForceInline,cgp-gc-opts;nofree-inference,0.9442266256380409,1.1918698551401181,0.9979989626090607,1.109
316,DataflowConstProp;DeadStoreElimination-initial;EarlyOtherwiseBranch;EnumSizeOpt;ForceInline,cgp-gc-opts,0.9205301234047651,1.5828170072720784,0.9965611699149469,1.109
317,CopyProp;EarlyOtherwiseBranch;EnumSizeOpt,,0.9488945899304808,1.3407161031647896,0.9979989626090607,1.109
318,EarlyOtherwiseBranch;EnumSizeOpt,cgp-gc-opts,0.9704919810943381,1.189709400201788,0.9986230462912364,1.109
319,CopyProp;DataflowConstProp;DeadStoreElimination-final;EarlyOtherwiseBranch;ForceInline,cgp-gc-opts,0.9118991638674275,1.5854532095922378,0.9967392413190743,1.109
320,DataflowConstProp;DeadStoreElimination-initial;DestinationPropagation;EarlyOtherwiseBranch;EnumSizeOpt;ForceInline,cgp-gc-opts,0.9187011710776486,1.706933804428287,0.9959765051042011,1.109
321,DataflowConstProp;DestinationPropagation;EarlyOtherwiseBranch;EnumSizeOpt;ForceInline,,0.930000609298746,1.5762385361626328,0.9966629208288782,1.109
322,CopyProp;DataflowConstProp;DeadStoreElimination-initial;DestinationPropagation;EnumSizeOpt;ForceInline,,0.9117096481845041,1.7031668260307633,0.9960400621157444,1.109
323,DataflowConstProp;DeadStoreElimination-final;DestinationPropagation;EarlyOtherwiseBranch;ForceInline,cgp-gc-opts,0.9297912277579135,1.593364974961837,0.9967774022946475,1.109
324,CopyProp;DestinationPropagation;EnumSizeOpt;SingleUseConsts,cgp-gc-opts,0.9567858747103736,1.3853763573267295,0.9974134542707735,1.109
325,CopyProp;DeadStoreElimination-final;DeadStoreElimination-initial;EarlyOtherwiseBranch;ForceInline,,0.9187516184126077,1.7920805117446945,0.9967392413190743,1.109
326,CopyProp;DeadStoreElimination-final;DestinationPropagation,cgp-gc-opts;nofree-inference,0.9651353256293972,1.2903689993720506,0.9982155069589094,1.109
327,DataflowConstProp;DeadStoreElimination-initial;DestinationPropagation;EarlyOtherwiseBranch;EnumSizeOpt;ForceInline,nofree-inference,0.9156697080012872,1.7874820880564408,0.9959765051042011,1.109
328,EarlyOtherwiseBranch;EnumSizeOpt;ForceInline,cgp-gc-opts,0.9500640111424573,1.31713389018767,0.9979352806006764,1.109
329,CopyProp;DataflowConstProp;DeadStoreElimination-final;DestinationPropagation;EarlyOtherwiseBranch;EnumSizeOpt;ForceInline,cgp-gc-opts;nofree-inference,0.8967805472082166,1.8860356194431598,0.9954684064881186,1.109
330,CopyProp;DataflowConstProp;DestinationPropagation;EnumSizeOpt,,0.9455214161617048,1.3527004096842639,0.9974134542707735,1.109
331,DataflowConstProp;EnumSizeOpt;ForceInline;GVN,cgp-gc-opts,0.9821002603485381,1.4435514267078111,0.9973879925133131,1.109
332,DataflowConstProp;DeadStoreElimination-final;DestinationPropagation;EarlyOtherwiseBranch,cgp-gc-opts;nofree-inference,0.9494145386550817,1.4350910502622312,0.9974643699885956,1.109
333,CopyProp;DataflowConstProp;DestinationPropagation;EnumSizeOpt,cgp-gc-opts,0.9492748825813951,1.2880414032550043,0.9974134542707735,1.109
334,CopyProp;DataflowConstProp;DeadStoreElimination-final;DestinationPropagation;EarlyOtherwiseBranch;ForceInline,cgp-gc-opts,0.9100873599346219,1.7097767248890343,0.9961544720369854,1.109
335,DataflowConstProp;DestinationPropagation;EarlyOtherwiseBranch;EnumSizeOpt;ForceInline;SingleUseConsts,cgp-gc-opts;nofree-inference,0.9210319297256263,1.7008873820622386,0.9959765051042011,1.109
336,DataflowConstProp;DeadStoreElimination-final;EarlyOtherwiseBranch;EnumSizeOpt;ForceInline,,0.9223880783346303,1.7165575252012144,0.99667563969312,1.109
337,CopyProp;DataflowConstProp;EarlyOtherwiseBranch;EnumSizeOpt;ForceInline;SingleUseConsts,cgp-gc-opts,0.9036592740872783,1.6973073876322784,0.9959383747904568,1.109
338,CopyProp;DataflowConstProp;EarlyOtherwiseBranch;EnumSizeOpt,nofree-inference,0.9313545478345262,1.4126165622512887,0.9973116267336811,1.109
339,CopyProp;DestinationPropagation;EnumSizeOpt,cgp-gc-opts,0.9667769114102412,1.2189771821297684,0.9981008603245384,1.109
340,DataflowConstProp;DestinationPropagation;EarlyOtherwiseBranch,cgp-gc-opts,0.9647664423030796,1.2254732696117168,0.9980371718140919,1.109
341,DeadStoreElimination-final;EarlyOtherwiseBranch;EnumSizeOpt;ForceInline,cgp-gc-opts;nofree-inference,0.9349460608086215,1.542430263211128,0.9973625372534359,1.109
342,CopyProp;EnumSizeOpt;ForceInline,cgp-gc-opts;nofree-inference,0.9479431008441109,1.2478197560293551,0.9979989626090607,1.109
343,DataflowConstProp;DeadStoreElimination-final;ForceInline,cgp-gc-opts;nofree-inference,0.949687986576936,1.3044489682649645,0.9980499082157692,1.109
344,CopyProp;DataflowConstProp;DeadStoreElimination-final;DestinationPropagation,cgp-gc-opts;nofree-inference,0.9476630152198908,1.3634781036377064,0.9975280219464006,1.109
345,DataflowConstProp;DeadStoreElimination-initial;EarlyOtherwiseBranch;EnumSizeOpt;ForceInline,,0.9178489867631555,1.662273595228735,0.9965611699149469,1.109
346,DataflowConstProp;ForceInline,nofree-inference,0.9608552886568615,1.1664778581181736,0.9986230462912364,1.109
347,CopyProp;DataflowConstProp;DeadStoreElimination-final;EarlyOtherwiseBranch;EnumSizeOpt;ForceInline;SingleUseConsts,cgp-gc-opts,0.8896251452725124,1.9933469401106372,0.9953667775240697,1.109
348,CopyProp;DataflowConstProp;DeadStoreElimination-initial;DestinationPropagation;EarlyOtherwiseBranch;ForceInline;SingleUseConsts,,0.900164483996228,1.9761847279373321,0.9953540753625941,1.109
349,CopyProp;DataflowConstProp;EarlyOtherwiseBranch;EnumSizeOpt;ForceInline,cgp-gc-opts;nofree-inference,0.9127410314329955,1.4891605649485067,0.9966247642361538,1.109
350,CopyProp;DataflowConstProp;DeadStoreElimination-initial;EarlyOtherwiseBranch;EnumSizeOpt;ForceInline;SingleUseConsts,cgp-gc-opts,0.8917110082410288,1.9303098999187347,0.9952524580707929,1.109
351,CopyProp;DataflowConstProp;DeadStoreElimination-initial;ForceInline;GVN,cgp-gc-opts;nofree-inference,0.9606471180091701,1.587884405136323,0.9967646806708345,1.109
352,DataflowConstProp;DestinationPropagation;EarlyOtherwiseBranch;ForceInline;SingleUseConsts,cgp-gc-opts,0.9346985948222911,1.5419314606402115,0.9966629208288782,1.109
353,CopyProp;DataflowConstProp;DestinationPropagation;ForceInline;SingleUseConsts,cgp-gc-opts;nofree-inference,0.9326119860755555,1.4607873606197392,0.996726521643194,1.109
354,DataflowConstProp;DeadStoreElimination-final;EarlyOtherwiseBranch;EnumSizeOpt;ForceInline,cgp-gc-opts,0.9183768476483051,1.6345061683275326,0.99667563969312,1.109
355,CopyProp;DataflowConstProp;DeadStoreElimination-initial;DestinationPropagation;EarlyOtherwiseBranch;EnumSizeOpt;ForceInline;GVN;SingleUseConsts,cgp-gc-opts,0.9187497138950311,2.438577264888881,0.9941230645064824,1.109
356,DataflowConstProp;EarlyOtherwiseBranch;EnumSizeOpt;ForceInline,cgp-gc-opts;nofree-inference,0.9325023526335696,1.387769672930439,0.9972479885839886,1.109
357,CopyProp;DataflowConstProp;DestinationPropagation;ForceInline;SingleUseConsts,nofree-inference,0.9289244053372808,1.5341181239813835,0.996726521643194,1.109
358,DataflowConstProp;DeadStoreElimination-final;EarlyOtherwiseBranch;EnumSizeOpt;ForceInline;SingleUseConsts,,0.9128557725530214,1.9508800051942903,0.9959892152087827,1.109
359,CopyProp;DataflowConstProp;DeadStoreElimination-initial;DestinationPropagation;EarlyOtherwiseBranch;EnumSizeOpt;ForceInline;SingleUseConsts,,0.8873472772473577,2.186174415320748,0.9946685610581367,1.109
360,CopyProp;DataflowConstProp;DestinationPropagation;EarlyOtherwiseBranch;ForceInline,cgp-gc-opts,0.9244442869053633,1.4558512660093221,0.996726521643194,1.111
361,CopyProp;DataflowConstProp;DeadStoreElimination-initial;EnumSizeOpt,,0.9331669948488225,1.4265341962437865,0.9973116267336811,1.111
362,DataflowConstProp;DeadStoreElimination-initial;EnumSizeOpt;ForceInline,cgp-gc-opts;nofree-inference,0.9383606119090745,1.3974249936907264,0.9972479885839886,1.111
363,CopyProp;EarlyOtherwiseBranch;EnumSizeOpt;GVN,nofree-inference,0.9796300317738699,1.5660786101316395,0.9974516395971835,1.111
364,DataflowConstProp;DestinationPropagation;ForceInline,cgp-gc-opts,0.9631269166407227,1.2012612046739493,0.9980371718140919,1.111
365,DataflowConstProp;EarlyOtherwiseBranch;ForceInline,nofree-inference,0.9449450843109903,1.31744326620563,0.9979352806006764,1.111
366,CopyProp;DataflowConstProp;DestinationPropagation;EarlyOtherwiseBranch;EnumSizeOpt;ForceInline,cgp-gc-opts;nofree-inference,0.9109275548383137,1.6059332802551771,0.9960400621157444,1.111
367,DataflowConstProp;DeadStoreElimination-initial;DestinationPropagation;EnumSizeOpt;ForceInline,cgp-gc-opts,0.936859975764518,1.5113367984896873,0.9966629208288782,1.111
368,DeadStoreElimination-initial,nofree-inference,0.9845904388081372,1.1340175024575165,0.9993112859821192,1.111
369,CopyProp;DataflowConstProp;DeadStoreElimination-final;DeadStoreElimination-initial;DestinationPropagation;EarlyOtherwiseBranch;EnumSizeOpt;ForceInline;SingleUseConsts,cgp-gc-opts;nofree-inference,0.8757781025646442,2.4377469547003408,0.9940976925738475,1.111
370,CopyProp;DeadStoreElimination-initial;EarlyOtherwiseBranch;ForceInline;SingleUseConsts,cgp-gc-opts;nofree-inference,0.9209117419787956,1.6466023963599759,0.9966247642361538,1.111
371,CopyProp;DataflowConstProp;DeadStoreElimination-initial;DestinationPropagation;EarlyOtherwiseBranch;ForceInline,cgp-gc-opts;nofree-inference,0.9118670232629814,1.6509608166295051,0.9960400621157444,1.111
372,DataflowConstProp;DeadStoreElimination-final;EnumSizeOpt;ForceInline;SingleUseConsts,cgp-gc-opts;nofree-inference,0.9264909394575271,1.6400479961752978,0.99667563969312,1.111
373,CopyProp;DataflowConstProp;DestinationPropagation;EnumSizeOpt;ForceInline;GVN,cgp-gc-opts,0.9593779428424782,1.6704841755294049,0.9961798964639277,1.111
374,CopyProp;DataflowConstProp;DeadStoreElimination-final;DeadStoreElimination-initial;EarlyOtherwiseBranch;EnumSizeOpt;ForceInline;SingleUseConsts,cgp-gc-opts,0.8778624399652931,2.26698909137247,0.9946812544714555,1.111
375,CopyProp;EarlyOtherwiseBranch;ForceInline;SingleUseConsts,cgp-gc-opts;nofree-inference,0.9332512759897083,1.4478454531847245,0.9973116267336811,1.111
376,CopyProp;DataflowConstProp;DeadStoreElimination-initial;DestinationPropagation;EarlyOtherwiseBranch;EnumSizeOpt;ForceInline;GVN,cgp-gc-opts,0.9283435659283263,2.1456768964181987,0.9948082028608957,1.111
377,DataflowConstProp;DestinationPropagation;EarlyOtherwiseBranch;EnumSizeOpt;ForceInline,cgp-gc-opts;nofree-inference,0.9306496133211584,1.4965918085299947,0.9966629208288782,1.111
378,CopyProp;DataflowConstProp;DeadStoreElimination-final;EnumSizeOpt;ForceInline;SingleUseConsts,cgp-gc-opts,0.9072092409132982,1.764929943346607,0.9960527730314057,1.111
379,CopyProp;DataflowConstProp;EarlyOtherwiseBranch,cgp-gc-opts,0.9462013469249397,1.219388250091242,0.9979989626090607,1.111
380,CopyProp;DataflowConstProp;DeadStoreElimination-initial;EarlyOtherwiseBranch,cgp-gc-opts,0.9336905858877584,1.386783106081464,0.9973116267336811,1.111
381,CopyProp;DataflowConstProp;DeadStoreElimination-initial;EarlyOtherwiseBranch;ForceInline;GVN,cgp-gc-opts,0.9436277836663177,1.7985440745509678,0.9960781948627276,1.111
382,CopyProp;DataflowConstProp;DeadStoreElimination-final;DeadStoreElimination-initial;EarlyOtherwiseBranch;EnumSizeOpt;SingleUseConsts,cgp-gc-opts,0.8967379550202538,2.0476720341441155,0.9953667775240697,1.111
383,CopyProp;DataflowConstProp;DestinationPropagation;SingleUseConsts,cgp-gc-opts,0.95303473080974,1.3232586760573046,0.9974134542707735,1.111
384,CopyProp;DataflowConstProp;DeadStoreElimination-initial;DestinationPropagation;EarlyOtherwiseBranch;ForceInline;SingleUseConsts,cgp-gc-opts;nofree-inference,0.902443446026812,1.8763288728958816,0.9953540753625941,1.111
385,CopyProp;DataflowConstProp;DeadStoreElimination-final;DeadStoreElimination-initial;DestinationPropagation;EarlyOtherwiseBranch;EnumSizeOpt;ForceInline;SingleUseConsts,cgp-gc-opts,0.8761182617883485,2.4447553296151,0.9940976925738475,1.111
386,CopyProp,nofree-inference,0.9784282587368409,1.0699841771163503,0.9993750557985887,1.111
387,CopyProp;DataflowConstProp;DeadStoreElimination-initial;DestinationPropagation;EnumSizeOpt;ForceInline;SingleUseConsts,cgp-gc-opts;nofree-inference,0.9071772656088812,1.8378531532386173,0.9953540753625941,1.111
388,CopyProp;DataflowConstProp;DeadStoreElimination-final;EarlyOtherwiseBranch;SingleUseConsts,cgp-gc-opts;nofree-inference,0.9215220597898413,1.6228927298875473,0.9967392413190743,1.111
389,CopyProp;DeadStoreElimination-final;EnumSizeOpt;ForceInline,cgp-gc-opts;nofree-inference,0.9332212294841872,1.465460947507287,0.9974261827129104,1.111
390,CopyProp;DataflowConstProp;DestinationPropagation;EarlyOtherwiseBranch,cgp-gc-opts;nofree-inference,0.9439547502303391,1.311237007963576,0.9974134542707735,1.111
391,CopyProp;DataflowConstProp;DeadStoreElimination-final;EarlyOtherwiseBranch;EnumSizeOpt;ForceInline;GVN,cgp-gc-opts;nofree-inference,0.9264417910146526,2.0487427537119447,0.9955065173496371,1.111
392,CopyProp;DataflowConstProp;DeadStoreElimination-final;DeadStoreElimination-initial;DestinationPropagation;EarlyOtherwiseBranch;EnumSizeOpt;ForceInline,cgp-gc-opts,0.8852669437853539,2.1511129065616905,0.9947828134422124,1.111
393,CopyProp;DataflowConstProp;DestinationPropagation;EarlyOtherwiseBranch;EnumSizeOpt;ForceInline;SingleUseConsts,cgp-gc-opts;nofree-inference,0.9015136864226576,1.8251547531205843,0.9953540753625941,1.111
394,CopyProp;DataflowConstProp;DeadStoreElimination-initial;EarlyOtherwiseBranch,cgp-gc-opts;nofree-inference,0.933328073794668,1.3828076178945121,0.9973116267336811,1.111
395,CopyProp;DataflowConstProp;DeadStoreElimination-final;EnumSizeOpt;GVN;SingleUseConsts,cgp-gc-opts,0.9567167403847808,1.8675057651881266,0.9961926091640781,1.111
396,CopyProp;DataflowConstProp;EarlyOtherwiseBranch,nofree-inference,0.9448074135863959,1.2769298081565736,0.9979989626090607,1.111
397,CopyProp;DataflowConstProp;DeadStoreElimination-initial;DestinationPropagation;EnumSizeOpt;ForceInline;SingleUseConsts,cgp-gc-opts,0.9075296205187929,1.8431368697914499,0.9953540753625941,1.111
398,EarlyOtherwiseBranch,cgp-gc-opts;nofree-inference,0.9841279207682567,1.072350714098686,0.9993112859821192,1.111
399,CopyProp;DataflowConstProp;DeadStoreElimination-initial;DestinationPropagation;EarlyOtherwiseBranch;EnumSizeOpt;SingleUseConsts,cgp-gc-opts;nofree-inference,0.908721548487466,1.874896070898122,0.9953540753625941,1.111
400,CopyProp;DeadStoreElimination-final;DestinationPropagation;ForceInline,cgp-gc-opts,0.9451870840746658,1.4326817577186368,0.9975280219464006,1.111
401,CopyProp;DataflowConstProp;DestinationPropagation;EarlyOtherwiseBranch;EnumSizeOpt;SingleUseConsts,cgp-gc-opts,0.9212554270040315,1.6533219873900147,0.9960400621157444,1.111
402,DataflowConstProp;DeadStoreElimination-final;EarlyOtherwiseBranch;ForceInline;GVN,cgp-gc-opts,0.9618027248197015,1.730823592523279,0.9968155632702207,1.111
403,DataflowConstProp;DeadStoreElimination-initial;EnumSizeOpt;ForceInline;SingleUseConsts,cgp-gc-opts;nofree-inference,0.9286632399500997,1.5881835819224466,0.9965611699149469,1.111
404,CopyProp;DataflowConstProp;DestinationPropagation;EnumSizeOpt;ForceInline;GVN,cgp-gc-opts;nofree-inference,0.9577507007424979,1.665695402088782,0.9961798964639277,1.111
405,CopyProp;DataflowConstProp;DeadStoreElimination-initial;DestinationPropagation;EnumSizeOpt,cgp-gc-opts;nofree-inference,0.9363597933364987,1.4606614951811148,0.996726521643194,1.111
406,DataflowConstProp;DeadStoreElimination-initial;EarlyOtherwiseBranch;EnumSizeOpt;ForceInline,cgp-gc-opts;nofree-inference,0.9201727209559968,1.5782795491166377,0.9965611699149469,1.111
407,CopyProp;DataflowConstProp;DeadStoreElimination-final;DestinationPropagation;EnumSizeOpt;ForceInline;SingleUseConsts,cgp-gc-opts;nofree-inference,0.9050552244467495,1.897870885672355,0.9954684064881186,1.111
408,DataflowConstProp;EarlyOtherwiseBranch;ForceInline,cgp-gc-opts;nofree-inference,0.9459717977470871,1.254469549327953,0.9979352806006764,1.111
409,CopyProp;DataflowConstProp;EnumSizeOpt;ForceInline,cgp-gc-opts;nofree-inference,0.930782029573927,1.318518125792338,0.9973116267336811,1.111
410,CopyProp;DataflowConstProp;DeadStoreElimination-final;DestinationPropagation;EnumSizeOpt;ForceInline,cgp-gc-opts;nofree-inference,0.9145060746336753,1.6699153930468043,0.9961544720369854,1.111
411,CopyProp;DataflowConstProp;DeadStoreElimination-final;DeadStoreElimination-initial;EarlyOtherwiseBranch;EnumSizeOpt;ForceInline,cgp-gc-opts,0.8870293351786904,1.9946983791844886,0.9953667775240697,1.111
412,DataflowConstProp;DeadStoreElimination-initial;DestinationPropagation;EarlyOtherwiseBranch;EnumSizeOpt;ForceInline;SingleUseConsts,cgp-gc-opts,0.9092069671841576,1.9399425771408516,0.9952905621236554,1.111
413,DataflowConstProp;EarlyOtherwiseBranch;EnumSizeOpt;ForceInline,nofree-inference,0.9314902583016659,1.4574349864658422,0.9972479885839886,1.111
414,CopyProp;DataflowConstProp;DeadStoreElimination-initial;DestinationPropagation;ForceInline;SingleUseConsts,cgp-gc-opts;nofree-inference,0.9202809048145523,1.6613209395229152,0.9960400621157444,1.111
415,CopyProp;DataflowConstProp;DeadStoreElimination-initial;DestinationPropagation;EarlyOtherwiseBranch;EnumSizeOpt;ForceInline;SingleUseConsts,cgp-gc-opts;nofree-inference,0.8895937897333994,2.0757078620550256,0.9946685610581367,1.111
416,DataflowConstProp;DeadStoreElimination-final;DestinationPropagation;EnumSizeOpt;ForceInline,cgp-gc-opts;nofree-inference,0.9343056099436411,1.5562176392377165,0.9967774022946475,1.111
417,CopyProp;EnumSizeOpt,cgp-gc-opts;nofree-inference,0.968325467666795,1.1271009762675703,0.9986867721885394,1.111
418,CopyProp;DataflowConstProp;DeadStoreElimination-initial;EarlyOtherwiseBranch;ForceInline,cgp-gc-opts;nofree-inference,0.9136823701534847,1.530914000368177,0.9966247642361538,1.111
419,CopyProp;DataflowConstProp;DeadStoreElimination-final;DestinationPropagation;EarlyOtherwiseBranch;EnumSizeOpt;ForceInline;SingleUseConsts,nofree-inference,0.8913893042148804,2.2510953157312166,0.9947828134422124,1.111
420,CopyProp;DataflowConstProp;DeadStoreElimination-final;ForceInline,cgp-gc-opts;nofree-inference,0.9295624723730613,1.3997524232000702,0.9974261827129104,1.111
421,CopyProp;DataflowConstProp;DeadStoreElimination-final;DestinationPropagation,cgp-gc-opts,0.9480310951189503,1.3673980206413694,0.9975280219464006,1.111
422,DestinationPropagation,cgp-gc-opts;nofree-inference,1.0015859737321464,1.023923225273666,0.9994133176884711,1.111
423,CopyProp;DataflowConstProp;DeadStoreElimination-final;DeadStoreElimination-initial;DestinationPropagation;EarlyOtherwiseBranch;EnumSizeOpt;ForceInline,cgp-gc-opts;nofree-inference,0.8849232325199883,2.1449463157578843,0.9947828134422124,1.111
424,CopyProp;EarlyOtherwiseBranch;EnumSizeOpt,cgp-gc-opts,0.9499255946323375,1.2766299459390533,0.9979989626090607,1.111
425,CopyProp;DataflowConstProp;DestinationPropagation;EarlyOtherwiseBranch;EnumSizeOpt,cgp-gc-opts;nofree-inference,0.9305140253290762,1.4505692502865055,0.996726521643194,1.111
426,CopyProp;DataflowConstProp;DeadStoreElimination-initial;EarlyOtherwiseBranch;EnumSizeOpt;ForceInline,cgp-gc-opts;nofree-inference,0.9006726857577337,1.693589153051779,0.9959383747904568,1.111
427,CopyProp;DataflowConstProp;DeadStoreElimination-initial;DestinationPropagation;EarlyOtherwiseBranch;EnumSizeOpt;ForceInline,cgp-gc-opts;nofree-inference,0.8988831871170003,1.8263921621232817,0.9953540753625941,1.111
428,DataflowConstProp;DeadStoreElimination-initial;ForceInline,cgp-gc-opts;nofree-inference,0.9519146761139533,1.263197442809872,0.9979352806006764,1.111
429,DataflowConstProp;DestinationPropagation;EarlyOtherwiseBranch;SingleUseConsts,,0.9537598915385106,1.462674993164355,0.9973498096234971,1.111
430,DeadStoreElimination-initial;DestinationPropagation;EnumSizeOpt;ForceInline;GVN,cgp-gc-opts;nofree-inference,0.9833509430094474,1.6707202706527713,0.9968028426203739,1.111
431,DataflowConstProp;DeadStoreElimination-initial,cgp-gc-opts;nofree-inference,0.9723824384671725,1.1409909677501622,0.9986230462912364,1.111
432,DataflowConstProp;EnumSizeOpt;GVN;SingleUseConsts,cgp-gc-opts;nofree-inference,0.9911654259007885,1.4776400220763555,0.9973879925133131,1.111
433,CopyProp;DataflowConstProp;EarlyOtherwiseBranch;EnumSizeOpt,cgp-gc-opts;nofree-inference,0.9323664947126125,1.3450935669695736,0.9973116267336811,1.111
434,DeadStoreElimination-initial;DestinationPropagation;ForceInline;SingleUseConsts,cgp-gc-opts;nofree-inference,0.9575402818899945,1.4651940873705283,0.9973498096234971,1.111
435,CopyProp;DataflowConstProp;DeadStoreElimination-initial;EnumSizeOpt;ForceInline;GVN;SingleUseConsts,cgp-gc-opts;nofree-inference,0.9371823835105226,1.9964036157471632,0.9953921818470198,1.111
436,DataflowConstProp;DeadStoreElimination-final;DeadStoreElimination-initial;EarlyOtherwiseBranch;ForceInline,nofree-inference,0.9212925262172339,1.759627946447926,0.99667563969312,1.111
437,CopyProp;DeadStoreElimination-final;DeadStoreElimination-initial;EarlyOtherwiseBranch;EnumSizeOpt,cgp-gc-opts,0.9228079921292156,1.7051161046323495,0.9967392413190743,1.111
438,CopyProp;DataflowConstProp;ForceInline;SingleUseConsts,nofree-inference,0.9307737101018149,1.4225673259868266,0.9973116267336811,1.111
439,CopyProp;DataflowConstProp;DestinationPropagation;EarlyOtherwiseBranch;EnumSizeOpt;ForceInline;SingleUseConsts,,0.9008850008245836,1.9222871860797055,0.9953540753625941,1.111
440,CopyProp;DataflowConstProp;DeadStoreElimination-initial;DestinationPropagation,cgp-gc-opts,0.950253899819131,1.3241558121471904,0.9974134542707735,1.111
441,DeadStoreElimination-initial;EarlyOtherwiseBranch;EnumSizeOpt;ForceInline;SingleUseConsts,cgp-gc-opts;nofree-inference,0.927453446688049,1.6975472737700485,0.9965611699149469,1.111
442,DataflowConstProp;DeadStoreElimination-initial;EarlyOtherwiseBranch;EnumSizeOpt;ForceInline,nofree-inference,0.917492625284994,1.6575083590412343,0.9965611699149469,1.111
443,CopyProp;DataflowConstProp;DeadStoreElimination-final;EarlyOtherwiseBranch;ForceInline;GVN;SingleUseConsts,cgp-gc-opts,0.9316914847998174,2.110809967488737,0.9955065173496371,1.111
444,CopyProp;DataflowConstProp;DestinationPropagation;GVN,nofree-inference,0.9902474731344781,1.4283054227332859,0.997553481429873,1.111
445,CopyProp;DataflowConstProp;DeadStoreElimination-final;DeadStoreElimination-initial;EnumSizeOpt;SingleUseConsts,cgp-gc-opts;nofree-inference,0.914107593874903,1.807832532913039,0.9960527730314057,1.111
446,CopyProp;DataflowConstProp;DeadStoreElimination-initial;DestinationPropagation;EarlyOtherwiseBranch;ForceInline;SingleUseConsts,cgp-gc-opts,0.9027939622833143,1.881723204813428,0.9953540753625941,1.111
447,CopyProp;DataflowConstProp;DeadStoreElimination-final;DeadStoreElimination-initial;DestinationPropagation;EarlyOtherwiseBranch;EnumSizeOpt;SingleUseConsts,cgp-gc-opts,0.8949562740866829,2.2082404974198067,0.9947828134422124,1.111
448,CopyProp;DestinationPropagation,cgp-gc-opts;nofree-inference,0.9803606523364283,1.0987313805414587,0.9987887401307682,1.111
449,CopyProp;DataflowConstProp;DeadStoreElimination-initial;EarlyOtherwiseBranch;EnumSizeOpt;ForceInline;SingleUseConsts,cgp-gc-opts;nofree-inference,0.8913647950212373,1.9247762846254484,0.9952524580707929,1.111
450,CopyProp;DataflowConstProp;DeadStoreElimination-final;DeadStoreElimination-initial;EarlyOtherwiseBranch;EnumSizeOpt;ForceInline,cgp-gc-opts;nofree-inference,0.8866849396521761,1.9889801815743466,0.9953667775240697,1.111
451,CopyProp;DeadStoreElimination-initial;EarlyOtherwiseBranch;ForceInline,cgp-gc-opts;nofree-inference,0.930528170538879,1.4488270559749656,0.9973116267336811,1.111
452,CopyProp;DataflowConstProp;DeadStoreElimination-final;DestinationPropagation;EnumSizeOpt,nofree-inference,0.9355552334662104,1.5840804526393404,0.9968410104144567,1.111
453,CopyProp;EarlyOtherwiseBranch;EnumSizeOpt;ForceInline,cgp-gc-opts;nofree-inference,0.9295694761106532,1.4093124216445112,0.9973116267336811,1.111
454,DataflowConstProp;DeadStoreElimination-initial;ForceInline;SingleUseConsts,cgp-gc-opts,0.942443141686799,1.4397603604239524,0.9972479885839886,1.111
455,CopyProp;DataflowConstProp;DestinationPropagation;EnumSizeOpt;ForceInline,nofree-inference,0.9252596755359794,1.4932890272516477,0.996726521643194,1.111
456,CopyProp;DeadStoreElimination-final;DeadStoreElimination-initial,cgp-gc-opts;nofree-inference,0.9542702064914332,1.3608005809702988,0.9981135975389733,1.111
457,CopyProp;DataflowConstProp;DeadStoreElimination-initial;EnumSizeOpt,cgp-gc-opts;nofree-inference,0.9382239004879375,1.3544519713900032,0.9973116267336811,1.111
458,CopyProp;DataflowConstProp;DeadStoreElimination-final;DeadStoreElimination-initial;EnumSizeOpt;ForceInline,cgp-gc-opts;nofree-inference,0.90421091996528,1.7610635702928346,0.9960527730314057,1.111
459,CopyProp;DestinationPropagation;EarlyOtherwiseBranch,nofree-inference,0.9603152767422135,1.303223039383705,0.9981008603245384,1.111
460,DeadStoreElimination-final;EnumSizeOpt;ForceInline,cgp-gc-opts,0.9537962759671144,1.3696099240053834,0.9980499082157692,1.111
461,CopyProp;EarlyOtherwiseBranch;EnumSizeOpt;SingleUseConsts,nofree-inference,0.9387237480592815,1.5193654352768138,0.9973116267336811,1.111
462,CopyProp;DataflowConstProp;DeadStoreElimination-initial;DestinationPropagation;ForceInline,cgp-gc-opts,0.9302519229967425,1.4659802601981837,0.996726521643194,1.111
463,DataflowConstProp;GVN,cgp-gc-opts;nofree-inference,1.0159817625842447,1.1752741424394864,0.9987632432653043,1.111
464,CopyProp;DeadStoreElimination-initial;DestinationPropagation;EnumSizeOpt;SingleUseConsts,cgp-gc-opts,0.9441351640755244,1.5755576845698067,0.996726521643194,1.111
465,EarlyOtherwiseBranch;EnumSizeOpt;ForceInline,cgp-gc-opts;nofree-inference,0.9496951419491135,1.3133580652601,0.9979352806006764,1.111
466,DataflowConstProp;DeadStoreElimination-initial,nofree-inference,0.966765923099038,1.1982681190381934,0.9986230462912364,1.111
467,DestinationPropagation;EnumSizeOpt;SingleUseConsts,,0.9736357171737497,1.355861832575722,0.9980371718140919,1.111
468,DeadStoreElimination-initial;EarlyOtherwiseBranch;ForceInline;SingleUseConsts,cgp-gc-opts;nofree-inference,0.9408499633405019,1.5344919297684847,0.9972479885839886,1.111
469,CopyProp;DataflowConstProp;DeadStoreElimination-final;EarlyOtherwiseBranch;EnumSizeOpt;ForceInline,cgp-gc-opts;nofree-inference,0.8985658599087603,1.7488957375095335,0.9960527730314057,1.111
470,CopyProp;DataflowConstProp;DeadStoreElimination-initial;EnumSizeOpt;ForceInline;SingleUseConsts,,0.9040839736688575,1.794913044137084,0.9959383747904568,1.111
471,CopyProp;DataflowConstProp;DeadStoreElimination-final;DeadStoreElimination-initial;DestinationPropagation;EarlyOtherwiseBranch;EnumSizeOpt,cgp-gc-opts,0.9043016680933446,1.9430061475885263,0.9954684064881186,1.111
472,DestinationPropagation;EnumSizeOpt;ForceInline,nofree-inference,0.9627206279073027,1.3169991429185999,0.9980371718140919,1.111
473,CopyProp;DataflowConstProp;DeadStoreElimination-initial;EarlyOtherwiseBranch;EnumSizeOpt,cgp-gc-opts;nofree-inference,0.9200386593609374,1.5297449640282197,0.9966247642361538,1.111
474,CopyProp;DataflowConstProp;DeadStoreElimination-final;DeadStoreElimination-initial;EarlyOtherwiseBranch;EnumSizeOpt;ForceInline;SingleUseConsts,cgp-gc-opts;nofree-inference,0.8775216035518525,2.260490318555598,0.9946812544714555,1.111
475,DataflowConstProp;DeadStoreElimination-initial;EnumSizeOpt;GVN,cgp-gc-opts;nofree-inference,0.988273334517274,1.47864182483469,0.9973879925133131,1.111
476,CopyProp;EarlyOtherwiseBranch;ForceInline,nofree-inference,0.9419730733070568,1.3378943178336598,0.9979989626090607,1.111
477,DataflowConstProp;DestinationPropagation;EarlyOtherwiseBranch;EnumSizeOpt,cgp-gc-opts;nofree-inference,0.9506601411526389,1.3518058840771578,0.9973498096234971,1.111
478,CopyProp;DataflowConstProp;DeadStoreElimination-initial;EnumSizeOpt;ForceInline;SingleUseConsts,cgp-gc-opts;nofree-inference,0.908983276119455,1.7042167776324657,0.9959383747904568,1.111
479,CopyProp;DataflowConstProp;DeadStoreElimination-final;DestinationPropagation;EarlyOtherwiseBranch;ForceInline,cgp-gc-opts;nofree-inference,0.9097340119639648,1.7048753115805553,0.9961544720369854,1.111
480,CopyProp;DataflowConstProp;DeadStoreElimination-initial;DestinationPropagation;EnumSizeOpt;ForceInline,cgp-gc-opts,0.9170063090699957,1.621755543853264,0.9960400621157444,1.111
481,DeadStoreElimination-final;ForceInline,cgp-gc-opts;nofree-inference,0.9671976319119933,1.2345049806235973,0.9987377529063829,1.111
482,CopyProp;DataflowConstProp;DeadStoreElimination-final;EnumSizeOpt;ForceInline,cgp-gc-opts;nofree-inference,0.9163266753534952,1.5484903269024022,0.9967392413190743,1.111
483,CopyProp;DeadStoreElimination-final;DeadStoreElimination-initial;EarlyOtherwiseBranch,nofree-inference,0.9381419375586183,1.6140675514822134,0.9974261827129104,1.111
484,CopyProp;DeadStoreElimination-final;EarlyOtherwiseBranch;ForceInline,,0.9327684591300122,1.575763296838585,0.9974261827129104,1.111
485,CopyProp;DataflowConstProp;DeadStoreElimination-final;EarlyOtherwiseBranch;EnumSizeOpt;SingleUseConsts,cgp-gc-opts;nofree-inference,0.9084007481029645,1.7953415562488406,0.9960527730314057,1.111
486,CopyProp;DataflowConstProp;DeadStoreElimination-initial;DestinationPropagation;ForceInline,cgp-gc-opts;nofree-inference,0.92989074598928,1.46177773769761,0.996726521643194,1.111
487,CopyProp;DataflowConstProp;DeadStoreElimination-final;DeadStoreElimination-initial;DestinationPropagation;EnumSizeOpt;ForceInline;SingleUseConsts,cgp-gc-opts;nofree-inference,0.8930885012167477,2.15840630051778,0.9947828134422124,1.111
488,CopyProp;DataflowConstProp;EarlyOtherwiseBranch;EnumSizeOpt;ForceInline,nofree-inference,0.9117503851125864,1.5639156483642083,0.9966247642361538,1.111
489,DeadStoreElimination-final;DeadStoreElimination-initial;DestinationPropagation;EnumSizeOpt;ForceInline;SingleUseConsts,cgp-gc-opts,0.929607867457284,1.9090688768708195,0.9960909077249801,1.111
490,CopyProp;DataflowConstProp;DeadStoreElimination-initial;EarlyOtherwiseBranch,nofree-inference,0.930609661834353,1.4522238388559814,0.9973116267336811,1.111
491,DeadStoreElimination-final;DestinationPropagation;EnumSizeOpt;ForceInline,cgp-gc-opts;nofree-inference,0.9515316463849711,1.4727739247082792,0.9974643699885956,1.111
492,CopyProp;DataflowConstProp;DeadStoreElimination-final;EarlyOtherwiseBranch,cgp-gc-opts;nofree-inference,0.9311448614662196,1.4279651852833315,0.9974261827129104,1.111
493,DeadStoreElimination-initial;DestinationPropagation;EnumSizeOpt;ForceInline,cgp-gc-opts;nofree-inference,0.9537626586659447,1.4261993384095848,0.9973498096234971,1.111
494,CopyProp;DeadStoreElimination-final;DestinationPropagation;EarlyOtherwiseBranch;ForceInline,,0.9309151911047607,1.6993269763930428,0.9968410104144567,1.111
495,CopyProp;DataflowConstProp;DeadStoreElimination-initial;EnumSizeOpt;ForceInline,cgp-gc-opts;nofree-inference,0.9184751441657141,1.4995213065028217,0.9966247642361538,1.111
496,CopyProp;DataflowConstProp;DestinationPropagation;EarlyOtherwiseBranch;SingleUseConsts,nofree-inference,0.9331856299310632,1.5650390989496257,0.996726521643194,1.111
497,CopyProp;DeadStoreElimination-initial;DestinationPropagation;EnumSizeOpt;ForceInline,cgp-gc-opts;nofree-inference,0.9335507951850838,1.530397913963969,0.996726521643194,1.111
498,CopyProp;DataflowConstProp;DeadStoreElimination-final;EnumSizeOpt;ForceInline;SingleUseConsts,nofree-inference,0.9082022393086763,1.8482149994464356,0.9960527730314057,1.111
499,CopyProp;DataflowConstProp;EarlyOtherwiseBranch;ForceInline;SingleUseConsts,cgp-gc-opts;nofree-inference,0.9163561779126315,1.5298767824005917,0.9966247642361538,1.111
500,DataflowConstProp;DeadStoreElimination-initial;EarlyOtherwiseBranch;EnumSizeOpt;ForceInline;SingleUseConsts,cgp-gc-opts;nofree-inference,0.9106633095118634,1.7937260882753023,0.9958748242675505,1.111
501,CopyProp;DeadStoreElimination-final;DestinationPropagation;EarlyOtherwiseBranch,cgp-gc-opts;nofree-inference,0.9464284704665425,1.457368382358941,0.9975280219464006,1.111
502,CopyProp;DataflowConstProp;DeadStoreElimination-final;EarlyOtherwiseBranch;ForceInline,cgp-gc-opts;nofree-inference,0.9115451124508476,1.5809081942412009,0.9967392413190743,1.111
503,DataflowConstProp;DeadStoreElimination-final;DeadStoreElimination-initial;DestinationPropagation;EarlyOtherwiseBranch;EnumSizeOpt;ForceInline;SingleUseConsts,cgp-gc-opts;nofree-inference,0.8947391570030957,2.271770669758937,0.9947193366553221,1.111
504,CopyProp;DataflowConstProp;DestinationPropagation;EarlyOtherwiseBranch;EnumSizeOpt;ForceInline;SingleUseConsts,cgp-gc-opts,0.9018638415530889,1.8304019625418326,0.9953540753625941,1.111
505,DataflowConstProp;DeadStoreElimination-initial;ForceInline,nofree-inference,0.9464163832653342,1.3266092953867084,0.9979352806006764,1.111
506,CopyProp;DataflowConstProp;DeadStoreElimination-initial;EarlyOtherwiseBranch;EnumSizeOpt;ForceInline,nofree-inference,0.8980493859020481,1.778606444933055,0.9959383747904568,1.111
507,CopyProp;DestinationPropagation;EarlyOtherwiseBranch;EnumSizeOpt;ForceInline,,0.9270756011788124,1.60070694137449,0.996726521643194,1.111
508,CopyProp;DeadStoreElimination-final;DeadStoreElimination-initial;EarlyOtherwiseBranch;EnumSizeOpt;ForceInline,nofree-inference,0.9053181215127314,1.9768240079883996,0.9960527730314057,1.111
509,SingleUseConsts,cgp-gc-opts;nofree-inference,0.9932085603195236,1.0790799381184173,0.9993112859821192,1.111
510,CopyProp;DataflowConstProp;DeadStoreElimination-final;DeadStoreElimination-initial;EnumSizeOpt;ForceInline;SingleUseConsts,cgp-gc-opts;nofree-inference,0.8948664637839504,2.0014614463664055,0.9953667775240697,1.111
511,DataflowConstProp;DestinationPropagation;EarlyOtherwiseBranch;ForceInline,cgp-gc-opts;nofree-inference,0.9440922967107963,1.3528389387628832,0.9973498096234971,1.111
512,DestinationPropagation;EarlyOtherwiseBranch;EnumSizeOpt;ForceInline,cgp-gc-opts;nofree-inference,0.9478082431983214,1.4163452051697851,0.9973498096234971,1.111
513,CopyProp;DataflowConstProp;EnumSizeOpt;GVN,,0.9797527156827405,1.4693970430431393,0.9974516395971835,1.111
514,CopyProp;DataflowConstProp;DeadStoreElimination-final;DeadStoreElimination-initial;DestinationPropagation;EarlyOtherwiseBranch;EnumSizeOpt;ForceInline;GVN;SingleUseConsts,cgp-gc-opts;nofree-inference,0.9029470961135644,2.8556970559821377,0.993552509098128,1.111
515,CopyProp;DataflowConstProp;EarlyOtherwiseBranch;EnumSizeOpt;ForceInline;SingleUseConsts,cgp-gc-opts;nofree-inference,0.9033084218672376,1.692441720146449,0.9959383747904568,1.111
516,DataflowConstProp;DeadStoreElimination-final;DeadStoreElimination-initial;EarlyOtherwiseBranch;EnumSizeOpt;ForceInline,cgp-gc-opts;nofree-inference,0.9058821328239007,1.8535586027581936,0.9959892152087827,1.111
517,CopyProp;EarlyOtherwiseBranch;SingleUseConsts,cgp-gc-opts;nofree-inference,0.9533177439327967,1.3077754346202832,0.9979989626090607,1.111
518,CopyProp;DeadStoreElimination-final;DeadStoreElimination-initial;EnumSizeOpt;ForceInline,nofree-inference,0.9205611198101301,1.7503003688015948,0.9967392413190743,1.111
519,CopyProp;DataflowConstProp;DeadStoreElimination-final,nofree-inference,0.9509581838598138,1.3278040680134229,0.9981135975389733,1.111
520,CopyProp;DataflowConstProp;DestinationPropagation;ForceInline,nofree-inference,0.9386245044612744,1.3498534011606471,0.9974134542707735,1.111
521,DeadStoreElimination-initial;EnumSizeOpt;ForceInline;SingleUseConsts,cgp-gc-opts;nofree-inference,0.9457852465428557,1.5030258674171737,0.9972479885839886,1.111
522,CopyProp;DataflowConstProp;DeadStoreElimination-final;DeadStoreElimination-initial;EarlyOtherwiseBranch,cgp-gc-opts;nofree-inference,0.9188331786614315,1.6239930103272973,0.9967392413190743,1.111
523,CopyProp;DeadStoreElimination-initial;SingleUseConsts,nofree-inference,0.9537657818809151,1.3829805982736596,0.9979989626090607,1.111
524,CopyProp;DataflowConstProp;EnumSizeOpt;ForceInline,nofree-inference,0.9271016845483044,1.3847070477922494,0.9973116267336811,1.111
525,CopyProp;DeadStoreElimination-final;DeadStoreElimination-initial;DestinationPropagation;EarlyOtherwiseBranch;EnumSizeOpt;ForceInline,cgp-gc-opts;nofree-inference,0.9012387931769432,2.0299352250593237,0.9954684064881186,1.111
526,CopyProp;DataflowConstProp;DeadStoreElimination-initial;DestinationPropagation;EnumSizeOpt;ForceInline,cgp-gc-opts;nofree-inference,0.9166502747675164,1.6171064606776475,0.9960400621157444,1.111
527,CopyProp;DataflowConstProp;DeadStoreElimination-final;DeadStoreElimination-initial;DestinationPropagation;EarlyOtherwiseBranch;EnumSizeOpt;ForceInline,nofree-inference,0.8871625456452062,2.2526215017189273,0.9947828134422124,1.111
528,CopyProp;DataflowConstProp;DeadStoreElimination-initial;EarlyOtherwiseBranch;EnumSizeOpt;SingleUseConsts,cgp-gc-opts;nofree-inference,0.9105306333598162,1.7385661823477125,0.9959383747904568,1.111
529,CopyProp;DestinationPropagation;EarlyOtherwiseBranch;EnumSizeOpt;ForceInline;SingleUseConsts,nofree-inference,0.9171386287876774,1.8139998415705916,0.9960400621157444,1.111
530,CopyProp;DataflowConstProp;DeadStoreElimination-initial,cgp-gc-opts;nofree-inference,0.9517759899771726,1.2243521293761128,0.9979989626090607,1.111
531,CopyProp;DeadStoreElimination-final,cgp-gc-opts;nofree-inference,0.967056719174288,1.1965420056501923,0.9988014861235471,1.111
532,DestinationPropagation;ForceInline,cgp-gc-opts;nofree-inference,0.9805035036301738,1.133591094370999,0.998725007726922,1.111
533,DataflowConstProp;EnumSizeOpt,cgp-gc-opts;nofree-inference,0.9713806228796624,1.1098721115146544,0.9986230462912364,1.111
534,DataflowConstProp;DeadStoreElimination-initial;EarlyOtherwiseBranch;ForceInline;SingleUseConsts,cgp-gc-opts;nofree-inference,0.9238173025604837,1.6214324332545773,0.9965611699149469,1.111
535,CopyProp;DataflowConstProp;DeadStoreElimination-final;DeadStoreElimination-initial;EarlyOtherwiseBranch;EnumSizeOpt,cgp-gc-opts;nofree-inference,0.9057501532499617,1.796558752654143,0.9960527730314057,1.111
536,CopyProp;DeadStoreElimination-final;DestinationPropagation;ForceInline;SingleUseConsts,cgp-gc-opts;nofree-inference,0.9350559815551249,1.6235854386256874,0.9968410104144567,1.111
537,CopyProp;DataflowConstProp;DestinationPropagation;EarlyOtherwiseBranch;ForceInline,cgp-gc-opts;nofree-inference,0.9240853647544316,1.4516777802748926,0.996726521643194,1.111
538,CopyProp;DataflowConstProp;DestinationPropagation,nofree-inference,0.9588065058299788,1.2192635025330325,0.9981008603245384,1.111
539,DeadStoreElimination-initial;DestinationPropagation;EarlyOtherwiseBranch;EnumSizeOpt;ForceInline,cgp-gc-opts;nofree-inference,0.9352762356311567,1.610777865673195,0.9966629208288782,1.111
540,CopyProp;DataflowConstProp;DeadStoreElimination-final;SingleUseConsts,nofree-inference,0.941130623847935,1.5090588978655883,0.9974261827129104,1.111
541,CopyProp;DataflowConstProp;DeadStoreElimination-final;EarlyOtherwiseBranch;EnumSizeOpt;ForceInline,nofree-inference,0.9024905613645732,1.8366893910753,0.9960527730314057,1.111
542,DataflowConstProp;DeadStoreElimination-final;DeadStoreElimination-initial;DestinationPropagation;EarlyOtherwiseBranch;EnumSizeOpt;ForceInline;SingleUseConsts,nofree-inference,0.897003309490332,2.3858123721223397,0.9947193366553221,1.111
543,CopyProp;DataflowConstProp;ForceInline;SingleUseConsts,cgp-gc-opts;nofree-inference,0.9344686320839947,1.3545686847366871,0.9973116267336811,1.111
544,CopyProp;DataflowConstProp;DeadStoreElimination-initial;DestinationPropagation;EarlyOtherwiseBranch;EnumSizeOpt;ForceInline;GVN;SingleUseConsts,cgp-gc-opts;nofree-inference,0.9171913830777046,2.431586600619161,0.9941230645064824,1.111
545,CopyProp;DataflowConstProp;DeadStoreElimination-final;DeadStoreElimination-initial;EarlyOtherwiseBranch;EnumSizeOpt;ForceInline;GVN;SingleUseConsts,cgp-gc-opts;nofree-inference,0.9047446851933333,2.648049886937037,0.9941357509584741,1.111
546,CopyProp;DataflowConstProp;DeadStoreElimination-initial;EarlyOtherwiseBranch;EnumSizeOpt;ForceInline;SingleUseConsts,,0.8891138101731603,2.0272104497876264,0.9952524580707929,1.111
547,CopyProp;DeadStoreElimination-final;EnumSizeOpt;ForceInline,cgp-gc-opts,0.9335837000780923,1.4696740590130837,0.9974261827129104,1.111
548,DataflowConstProp;DestinationPropagation;EnumSizeOpt;ForceInline,cgp-gc-opts;nofree-inference,0.9490445877614174,1.3250978255171348,0.9973498096234971,1.111
549,DataflowConstProp;DeadStoreElimination-final;DeadStoreElimination-initial;EarlyOtherwiseBranch;EnumSizeOpt;ForceInline;SingleUseConsts,cgp-gc-opts;nofree-inference,0.8965204056994954,2.1065827177291663,0.99530326347461,1.111
550,DataflowConstProp;DeadStoreElimination-initial;EarlyOtherwiseBranch;ForceInline,cgp-gc-opts;nofree-inference,0.9334640718302,1.426680286587524,0.9972479885839886,1.111
551,DataflowConstProp;DeadStoreElimination-initial;DestinationPropagation;EnumSizeOpt;ForceInline,cgp-gc-opts;nofree-inference,0.9364962331329864,1.5070042524970564,0.9966629208288782,1.111
552,CopyProp;DataflowConstProp;EarlyOtherwiseBranch;ForceInline,nofree-inference,0.9249200803254928,1.4136960886655143,0.9973116267336811,1.111
553,DataflowConstProp;ForceInline;SingleUseConsts,cgp-gc-opts;nofree-inference,0.954700367214255,1.2623416069601932,0.9979352806006764,1.111
554,DataflowConstProp;EarlyOtherwiseBranch;ForceInline;GVN,nofree-inference,0.9759315109984595,1.5433180418799366,0.9973879925133131,1.111
555,CopyProp;DataflowConstProp;DeadStoreElimination-initial;EarlyOtherwiseBranch;ForceInline;GVN;SingleUseConsts,nofree-inference,0.9311716147340707,2.1405151190344416,0.9953921818470198,1.111
556,DataflowConstProp;DeadStoreElimination-final;DeadStoreElimination-initial;EarlyOtherwiseBranch;EnumSizeOpt;ForceInline;SingleUseConsts,nofree-inference,0.8987890656665205,2.212332071084736,0.99530326347461,1.111
557,CopyProp;DataflowConstProp;DeadStoreElimination-initial;EarlyOtherwiseBranch;ForceInline;SingleUseConsts,cgp-gc-opts;nofree-inference,0.9042400324388721,1.739894800577795,0.9959383747904568,1.111
558,CopyProp;DataflowConstProp;DeadStoreElimination-initial;EarlyOtherwiseBranch;ForceInline,,0.9113750261988454,1.6123873117422933,0.9966247642361538,1.111
559,CopyProp;EarlyOtherwiseBranch;EnumSizeOpt;ForceInline;SingleUseConsts,cgp-gc-opts,0.92032027603386,1.6062985020167249,0.9966247642361538,1.111
560,CopyProp;DeadStoreElimination-final;DeadStoreElimination-initial;EarlyOtherwiseBranch;EnumSizeOpt;ForceInline;SingleUseConsts,cgp-gc-opts;nofree-inference,0.893700698443245,2.139283808564808,0.9953667775240697,1.111
561,CopyProp;DeadStoreElimination-final;EarlyOtherwiseBranch;ForceInline,cgp-gc-opts;nofree-inference,0.9283515076580237,1.4961405828664014,0.9974261827129104,1.111
562,EarlyOtherwiseBranch;ForceInline,cgp-gc-opts;nofree-inference,0.9634129267385363,1.1872054364425164,0.9986230462912364,1.111
563,ForceInline;GVN,cgp-gc-opts;nofree-inference,1.01293390543224,1.2313853017000083,0.9987632432653043,1.111
564,DeadStoreElimination-initial;EarlyOtherwiseBranch;ForceInline,nofree-inference,0.9479056571712271,1.41796075615878,0.9979352806006764,1.111
565,CopyProp;DataflowConstProp;DestinationPropagation,cgp-gc-opts;nofree-inference,0.9626127104923997,1.1609827730493725,0.9981008603245384,1.111
566,ForceInline;SingleUseConsts,cgp-gc-opts;nofree-inference,0.9723024271196598,1.1946553977604228,0.9986230462912364,1.111
567,CopyProp;DeadStoreElimination-initial;DestinationPropagation;EarlyOtherwiseBranch;EnumSizeOpt;ForceInline,cgp-gc-opts;nofree-inference,0.9154561311012609,1.728461806913025,0.9960400621157444,1.111
568,CopyProp;DataflowConstProp,nofree-inference,0.960715299946389,1.1306068244408514,0.9986867721885394,1.111
569,DataflowConstProp;DeadStoreElimination-final;EarlyOtherwiseBranch;EnumSizeOpt;ForceInline,cgp-gc-opts;nofree-inference,0.9180202812243541,1.6298205329637971,0.99667563969312,1.111
570,CopyProp;EnumSizeOpt;ForceInline,nofree-inference,0.9441949003364561,1.3104596567528612,0.9979989626090607,1.111
571,CopyProp;DataflowConstProp;DeadStoreElimination-final;DeadStoreElimination-initial;EarlyOtherwiseBranch;ForceInline;GVN,nofree-inference,0.9313393588135224,2.211915319264355,0.9955065173496371,1.111
572,DataflowConstProp;DeadStoreElimination-final;EarlyOtherwiseBranch;EnumSizeOpt;ForceInline;SingleUseConsts,cgp-gc-opts;nofree-inference,0.9085331139030367,1.8523027880708298,0.9959892152087827,1.111
573,DataflowConstProp;DeadStoreElimination-initial;EarlyOtherwiseBranch;ForceInline,nofree-inference,0.9307452637619175,1.4982988926275487,0.9972479885839886,1.111
574,DataflowConstProp;DeadStoreElimination-initial;DestinationPropagation;EnumSizeOpt,cgp-gc-opts;nofree-inference,0.9566324730980024,1.3612109890243267,0.9973498096234971,1.111
575,CopyProp;DataflowConstProp;DeadStoreElimination-final;EarlyOtherwiseBranch;ForceInline;SingleUseConsts,cgp-gc-opts;nofree-inference,0.9021248619622455,1.7967135624140795,0.9960527730314057,1.111
576,DataflowConstProp;DestinationPropagation;EarlyOtherwiseBranch;ForceInline;GVN,cgp-gc-opts;nofree-inference,0.9733805804025293,1.5847822790606496,0.9968028426203739,1.111
577,DataflowConstProp;EarlyOtherwiseBranch;ForceInline;SingleUseConsts,cgp-gc-opts;nofree-inference,0.9361957689272175,1.4257136885768633,0.9972479885839886,1.111
578,CopyProp;DataflowConstProp;DeadStoreElimination-initial;EarlyOtherwiseBranch;EnumSizeOpt,nofree-inference,0.9173589541578245,1.606537363103489,0.9966247642361538,1.111
579,CopyProp;DeadStoreElimination-final;DeadStoreElimination-initial;EarlyOtherwiseBranch;ForceInline,cgp-gc-opts,0.9164325703779206,1.7064191601984957,0.9967392413190743,1.111
580,CopyProp;DataflowConstProp;DeadStoreElimination-final;DeadStoreElimination-initial;EarlyOtherwiseBranch;ForceInline;SingleUseConsts,cgp-gc-opts;nofree-inference,0.8901968842539185,2.0433623291325373,0.9953667775240697,1.111
581,CopyProp;DataflowConstProp;DestinationPropagation;EarlyOtherwiseBranch;ForceInline;GVN;SingleUseConsts,cgp-gc-opts;nofree-inference,0.9429068714694536,1.9327066290239192,0.9954938134049017,1.111
582,DataflowConstProp;DeadStoreElimination-final;EnumSizeOpt;ForceInline,cgp-gc-opts;nofree-inference,0.9361656276222297,1.4430599124652508,0.9973625372534359,1.111
583,DataflowConstProp;DestinationPropagation;GVN,nofree-inference,1.0116868493767677,1.3310579100782762,0.998177286537075,1.111
584,DeadStoreElimination-initial;ForceInline;GVN,cgp-gc-opts;nofree-inference,0.9995408003827638,1.4004270857512529,0.998075381019123,1.111
585,CopyProp;DataflowConstProp;DestinationPropagation;EarlyOtherwiseBranch;EnumSizeOpt;ForceInline;GVN;SingleUseConsts,cgp-gc-opts;nofree-inference,0.92948106703991,2.1380763270562473,0.9948082028608957,1.111
586,CopyProp;DeadStoreElimination-final;EnumSizeOpt;ForceInline;GVN,,0.9668929311571274,1.8080745699829237,0.9968791738252253,1.111
587,DataflowConstProp;DestinationPropagation;EarlyOtherwiseBranch,cgp-gc-opts;nofree-inference,0.9643918647849714,1.2219602079906153,0.9980371718140919,1.111
588,CopyProp;DeadStoreElimination-final;EnumSizeOpt,cgp-gc-opts;nofree-inference,0.9532870513770046,1.3236867397206085,0.9981135975389733,1.111
589,CopyProp;DataflowConstProp;DeadStoreElimination-initial;DestinationPropagation;EarlyOtherwiseBranch,cgp-gc-opts;nofree-inference,0.9314736939008128,1.4912406533166356,0.996726521643194,1.111
590,DataflowConstProp;DeadStoreElimination-final;DestinationPropagation;EarlyOtherwiseBranch;EnumSizeOpt;ForceInline,cgp-gc-opts;nofree-inference,0.9161963155691344,1.7576231175718098,0.9960909077249801,1.111
591,CopyProp;DataflowConstProp;DestinationPropagation;EarlyOtherwiseBranch;EnumSizeOpt;ForceInline,nofree-inference,0.9099388767803731,1.686550293055055,0.9960400621157444,1.111
592,CopyProp;ForceInline,nofree-inference,0.9578332373879688,1.1845854301945298,0.9986867721885394,1.111
593,CopyProp;DataflowConstProp;DeadStoreElimination-initial;DestinationPropagation;EarlyOtherwiseBranch;ForceInline;GVN,cgp-gc-opts;nofree-inference,0.9401555922508962,1.9340169554925313,0.9954938134049017,1.111
594,CopyProp;DataflowConstProp;EnumSizeOpt;ForceInline;SingleUseConsts,cgp-gc-opts;nofree-inference,0.9211629775389696,1.4985053575719818,0.9966247642361538,1.111
595,DataflowConstProp;EarlyOtherwiseBranch;EnumSizeOpt;ForceInline;SingleUseConsts,cgp-gc-opts;nofree-inference,0.9228655221322238,1.5772102402555113,0.9965611699149469,1.111
596,CopyProp;DataflowConstProp;DeadStoreElimination-final;DestinationPropagation;EarlyOtherwiseBranch;EnumSizeOpt;ForceInline;SingleUseConsts,cgp-gc-opts;nofree-inference,0.8875128792973073,2.14349308137785,0.9947828134422124,1.111
597,CopyProp;DataflowConstProp;DeadStoreElimination-final;DeadStoreElimination-initial;EarlyOtherwiseBranch;EnumSizeOpt;ForceInline;SingleUseConsts,nofree-inference,0.8797421867304634,2.3739657531739278,0.9946812544714555,1.111
598,CopyProp;DataflowConstProp;DeadStoreElimination-final;EarlyOtherwiseBranch;EnumSizeOpt;ForceInline;SingleUseConsts,cgp-gc-opts;nofree-inference,0.8892797419040378,1.98763261666802,0.9953667775240697,1.111
599,CopyProp;DataflowConstProp;DeadStoreElimination-initial;EarlyOtherwiseBranch;GVN;SingleUseConsts,cgp-gc-opts;nofree-inference,0.9523378333669485,1.8410156069643888,0.9960781948627276,1.111
600,DataflowConstProp;DeadStoreElimination-final;EarlyOtherwiseBranch;ForceInline,cgp-gc-opts;nofree-inference,0.9312805413793289,1.4732705789392335,0.9973625372534359,1.111
601,CopyProp;DeadStoreElimination-initial;DestinationPropagation;ForceInline,cgp-gc-opts,0.9474032205535728,1.3873750347763163,0.9974134542707735,1.111
602,DataflowConstProp;EarlyOtherwiseBranch;EnumSizeOpt;SingleUseConsts,nofree-inference,0.9416855071455486,1.496140416271573,0.9972479885839886,1.111
603,DeadStoreElimination-final;EarlyOtherwiseBranch,cgp-gc-opts;nofree-inference,0.9688440871306068,1.2593870917252947,0.9987377529063829,1.111
604,DataflowConstProp;ForceInline;SingleUseConsts,,0.9512947952908182,1.3295218344449744,0.9979352806006764,1.111
605,CopyProp;DataflowConstProp;DeadStoreElimination-final;DestinationPropagation;EarlyOtherwiseBranch;EnumSizeOpt;SingleUseConsts,nofree-inference,0.9105556695422362,2.033315882179638,0.9954684064881186,1.111
606,CopyProp;DataflowConstProp;DestinationPropagation;EnumSizeOpt,cgp-gc-opts;nofree-inference,0.9489063197728973,1.2843489776979795,0.9974134542707735,1.111
607,CopyProp;DataflowConstProp;DeadStoreElimination-final,cgp-gc-opts;nofree-inference,0.9495496248505018,1.2643351053696428,0.9981135975389733,1.111
608,CopyProp;DataflowConstProp;DeadStoreElimination-final;DeadStoreElimination-initial;EarlyOtherwiseBranch;EnumSizeOpt;ForceInline;SingleUseConsts,,0.8800838856361816,2.3807907609955805,0.9946812544714555,1.111
609,CopyProp;DestinationPropagation;EnumSizeOpt;ForceInline;GVN;SingleUseConsts,cgp-gc-opts;nofree-inference,0.9653287564846224,1.7915689842966804,0.9961798964639277,1.111
610,CopyProp;DataflowConstProp;DeadStoreElimination-final;DeadStoreElimination-initial;DestinationPropagation;EarlyOtherwiseBranch;ForceInline,cgp-gc-opts;nofree-inference,0.8977054253760616,1.938916731318655,0.9954684064881186,1.111
611,DataflowConstProp;DeadStoreElimination-initial;DestinationPropagation;EarlyOtherwiseBranch;EnumSizeOpt;ForceInline,cgp-gc-opts;nofree-inference,0.9183444787327908,1.702040540913859,0.9959765051042011,1.111
612,CopyProp;DataflowConstProp;DeadStoreElimination-final;DeadStoreElimination-initial;DestinationPropagation;EarlyOtherwiseBranch;EnumSizeOpt;SingleUseConsts,cgp-gc-opts;nofree-inference,0.8946088008690589,2.2019101390725324,0.9947828134422124,1.111
613,DataflowConstProp;DestinationPropagation;EarlyOtherwiseBranch;EnumSizeOpt;ForceInline,nofree-inference,0.9296395298656361,1.5717199364963594,0.9966629208288782,1.111
614,DataflowConstProp;DeadStoreElimination-final;DeadStoreElimination-initial;DestinationPropagation,cgp-gc-opts;nofree-inference,0.9553790453522147,1.4450756065475985,0.9974643699885956,1.111
615,CopyProp;DestinationPropagation;EnumSizeOpt,cgp-gc-opts;nofree-inference,0.9664015533130258,1.2154827428288646,0.9981008603245384,1.111
616,DataflowConstProp;DeadStoreElimination-initial;EarlyOtherwiseBranch;EnumSizeOpt;ForceInline;SingleUseConsts,nofree-inference,0.9080109109588742,1.8837702020600218,0.9958748242675505,1.111
617,CopyProp;DeadStoreElimination-initial;DestinationPropagation;ForceInline,nofree-inference,0.9415652745441068,1.4528436999992254,0.9974134542707735,1.111
618,CopyProp;DataflowConstProp;DeadStoreElimination-final;EarlyOtherwiseBranch;EnumSizeOpt,cgp-gc-opts,0.9182430476972119,1.5842425260287791,0.9967392413190743,1.111
619,CopyProp;DataflowConstProp;DeadStoreElimination-final;DeadStoreElimination-initial;DestinationPropagation;ForceInline,nofree-inference,0.915130154378294,1.8029161704480747,0.9961544720369854,1.111
620,DataflowConstProp;DeadStoreElimination-initial;DestinationPropagation;EarlyOtherwiseBranch;EnumSizeOpt;ForceInline;SingleUseConsts,nofree-inference,0.9062068323889053,2.0314862823041633,0.9952905621236554,1.111
621,DataflowConstProp;DeadStoreElimination-initial;DestinationPropagation;EarlyOtherwiseBranch;EnumSizeOpt;ForceInline;SingleUseConsts,cgp-gc-opts;nofree-inference,0.9088539610323253,1.9343813478722167,0.9952905621236554,1.111
622,CopyProp;EarlyOtherwiseBranch;ForceInline;GVN,cgp-gc-opts,0.9739027266805553,1.496650176680906,0.9974516395971835,1.111
623,CopyProp;DataflowConstProp;DestinationPropagation;EarlyOtherwiseBranch;EnumSizeOpt;SingleUseConsts,cgp-gc-opts;nofree-inference,0.9208977429509182,1.6485824127577067,0.9960400621157444,1.111
624,CopyProp;DataflowConstProp;DeadStoreElimination-initial;DestinationPropagation;EarlyOtherwiseBranch;EnumSizeOpt;ForceInline;SingleUseConsts,nofree-inference,0.8870027582775459,2.179907313764195,0.9946685610581367,1.111
625,DataflowConstProp;DeadStoreElimination-final;EnumSizeOpt;ForceInline;GVN,cgp-gc-opts;nofree-inference,0.9652080047073679,1.6904715789664158,0.9968155632702207,1.111
626,CopyProp;DataflowConstProp;EnumSizeOpt,nofree-inference,0.947035925959593,1.2507452762067937,0.9979989626090607,1.111
627,DataflowConstProp;DeadStoreElimination-initial;DestinationPropagation;EarlyOtherwiseBranch;EnumSizeOpt;GVN;SingleUseConsts,cgp-gc-opts;nofree-inference,0.9571971833209069,2.0468055023044656,0.9954302912493215,1.111
628,DataflowConstProp;DeadStoreElimination-initial;EnumSizeOpt,cgp-gc-opts;nofree-inference,0.9585369391452324,1.2622328401510483,0.9979352806006764,1.111
629,CopyProp;DataflowConstProp;DeadStoreElimination-initial;DestinationPropagation;EarlyOtherwiseBranch;EnumSizeOpt;ForceInline,nofree-inference,0.8962650993562302,1.91807609577219,0.9953540753625941,1.111
630,DataflowConstProp;DeadStoreElimination-final;DeadStoreElimination-initial;EarlyOtherwiseBranch;EnumSizeOpt;ForceInline;GVN;SingleUseConsts,cgp-gc-opts;nofree-inference,0.9243328813112923,2.467754929855513,0.9947574188391887,1.111
631,CopyProp;DeadStoreElimination-initial;EnumSizeOpt;ForceInline;GVN;SingleUseConsts,cgp-gc-opts;nofree-inference,0.9544614597771187,1.8893573201663332,0.9960781948627276,1.111
632,CopyProp;DataflowConstProp;DestinationPropagation;EarlyOtherwiseBranch;EnumSizeOpt;ForceInline;GVN,cgp-gc-opts;nofree-inference,0.9391869789874908,1.8812694778208372,0.9954938134049017,1.111
633,CopyProp;DataflowConstProp;DestinationPropagation;EarlyOtherwiseBranch;ForceInline;SingleUseConsts,cgp-gc-opts;nofree-inference,0.9145355185757463,1.6498422650829287,0.9960400621157444,1.111
634,CopyProp;DeadStoreElimination-final;DestinationPropagation;EarlyOtherwiseBranch;EnumSizeOpt;ForceInline;SingleUseConsts,cgp-gc-opts;nofree-inference,0.9038761859479516,2.028559912476148,0.9954684064881186,1.111
635,CopyProp;DataflowConstProp;DeadStoreElimination-final;DeadStoreElimination-initial;DestinationPropagation;EarlyOtherwiseBranch,cgp-gc-opts;nofree-inference,0.9170075979035428,1.7513386290057842,0.9961544720369854,1.111
636,CopyProp;DestinationPropagation;EarlyOtherwiseBranch;ForceInline,cgp-gc-opts;nofree-inference,0.9411229678671001,1.3738394476202647,0.9974134542707735,1.111
637,DataflowConstProp;DeadStoreElimination-final;EnumSizeOpt;GVN,cgp-gc-opts;nofree-inference,0.9859615959246237,1.5269289957938488,0.9975025572642807,1.111
638,DeadStoreElimination-final;EnumSizeOpt;ForceInline,cgp-gc-opts;nofree-inference,0.953425957695078,1.3656836661430412,0.9980499082157692,1.111
639,CopyProp;DataflowConstProp;EarlyOtherwiseBranch;EnumSizeOpt;ForceInline;GVN,cgp-gc-opts;nofree-inference,0.9410567145063883,1.7444761577933732,0.9960781948627276,1.111
640,CopyProp;EnumSizeOpt;ForceInline;SingleUseConsts,nofree-inference,0.9344372346436245,1.489346849400373,0.9973116267336811,1.111
641,CopyProp;DataflowConstProp;DeadStoreElimination-initial;DestinationPropagation;EarlyOtherwiseBranch;GVN,cgp-gc-opts;nofree-inference,0.9603705145754449,1.7469128759349324,0.9961798964639277,1.111
642,CopyProp;DataflowConstProp;DeadStoreElimination-final;DeadStoreElimination-initial;EarlyOtherwiseBranch;ForceInline,cgp-gc-opts;nofree-inference,0.8994925793261113,1.7979316890050434,0.9960527730314057,1.111
643,DataflowConstProp;DeadStoreElimination-final;DestinationPropagation;EarlyOtherwiseBranch;ForceInline,cgp-gc-opts;nofree-inference,0.9294302296186946,1.5887972789698066,0.9967774022946475,1.111
644,DataflowConstProp;EnumSizeOpt;SingleUseConsts,nofree-inference,0.9575408294251023,1.3246981581551458,0.9979352806006764,1.111
645,DataflowConstProp;EarlyOtherwiseBranch;EnumSizeOpt,cgp-gc-opts;nofree-inference,0.9525527174681979,1.2535116114619584,0.9979352806006764,1.111
646,DataflowConstProp;DeadStoreElimination-final;DeadStoreElimination-initial;DestinationPropagation;ForceInline,cgp-gc-opts;nofree-inference,0.9352691888966214,1.5998512367343776,0.9967774022946475,1.111
647,DataflowConstProp;DeadStoreElimination-final;DestinationPropagation,nofree-inference,0.9696166115204337,1.3344301066624118,0.9981518111328964,1.111
648,CopyProp;DestinationPropagation;ForceInline;SingleUseConsts,nofree-inference,0.9460512271044603,1.4518593758703915,0.9974134542707735,1.111
649,DataflowConstProp;DeadStoreElimination-initial;EnumSizeOpt;SingleUseConsts,cgp-gc-opts;nofree-inference,0.9486310574220029,1.4345367245770755,0.9972479885839886,1.111
650,CopyProp;DataflowConstProp;DeadStoreElimination-final;DeadStoreElimination-initial;ForceInline;SingleUseConsts,cgp-gc-opts;nofree-inference,0.9077922807363948,1.8092140847254188,0.9960527730314057,1.111
651,CopyProp;DataflowConstProp;DeadStoreElimination-initial;EarlyOtherwiseBranch;GVN,cgp-gc-opts;nofree-inference,0.9622824223239311,1.6198890683862817,0.9967646806708345,1.111
652,DestinationPropagation;EnumSizeOpt;ForceInline;SingleUseConsts,cgp-gc-opts;nofree-inference,0.956553757717902,1.4252330662487702,0.9973498096234971,1.111
653,DataflowConstProp;SingleUseConsts,cgp-gc-opts;nofree-inference,0.9752280265990687,1.1402179286817895,0.9986230462912364,1.111
654,DataflowConstProp;DeadStoreElimination-final;EarlyOtherwiseBranch;EnumSizeOpt,cgp-gc-opts;nofree-inference,0.9377592572303154,1.4721455602608784,0.9973625372534359,1.111
655,EarlyOtherwiseBranch;EnumSizeOpt;SingleUseConsts,cgp-gc-opts;nofree-inference,0.9600896449637247,1.3482372117584174,0.9979352806006764,1.111
656,CopyProp;DeadStoreElimination-final;EarlyOtherwiseBranch;EnumSizeOpt;ForceInline,cgp-gc-opts;nofree-inference,0.9151329532484406,1.6551207069591936,0.9967392413190743,1.111
657,CopyProp;EarlyOtherwiseBranch;EnumSizeOpt;ForceInline;GVN,cgp-gc-opts;nofree-inference,0.958407222824992,1.650938103189634,0.9967646806708345,1.111
658,EarlyOtherwiseBranch;EnumSizeOpt;ForceInline;SingleUseConsts,cgp-gc-opts;nofree-inference,0.9398806346880134,1.4926409115687786,0.9972479885839886,1.111
659,CopyProp;DataflowConstProp;DeadStoreElimination-initial;EarlyOtherwiseBranch;EnumSizeOpt;SingleUseConsts,nofree-inference,0.9078786212394746,1.8258412976336287,0.9959383747904568,1.111
660,CopyProp;DataflowConstProp;DeadStoreElimination-final;EarlyOtherwiseBranch;ForceInline;GVN,cgp-gc-opts;nofree-inference,0.9398236948990755,1.8519538573795857,0.9961926091640781,1.111
661,CopyProp;DataflowConstProp;InstSimplify-after-simplifycfg,adv-copy-opt;cgp-gc-opts;nofree-inference;type-promotion,1.0005916593302764,1.2730818039289198,0.998279181326625,1.111
662,CopyProp;DataflowConstProp;DeadStoreElimination-final;DeadStoreElimination-initial;DestinationPropagation;EarlyOtherwiseBranch;EnumSizeOpt;ForceInline;ImpossiblePredicates;ReferencePropagation;SingleUseConsts;UnreachablePropagation,cgp-gc-opts;nofree-inference;non-allocatable-phys-copy-opt,0.9071531077427528,3.1186865179580416,0.9916906454126394,1.111
663,DataflowConstProp;EarlyOtherwiseBranch;EnumSizeOpt;ForceInline;Inline,branch-fold;cgp-gc-opts;layout-fsprofile-loader;nofree-inference;strictnode-mutation,1.043937680889417,1.4070745415033687,1.001881205750121,1.111
664,CopyProp;DataflowConstProp,cgp-gc-opts;ifcvt-diamond;nofree-inference,0.9698705144771695,1.0345352841633924,0.9986867721885394,1.111
665,DataflowConstProp;EarlyOtherwiseBranch;EnumSizeOpt,cgp-gc-opts;nofree-inference,0.9525527174681979,1.2535116114619584,0.9979352806006764,1.111
666,CopyProp;DataflowConstProp;DestinationPropagation;EarlyOtherwiseBranch;ForceInline,binop-extract-shuffle;cgp-gc-opts;nofree-inference;thinlto-funcattrs,0.9345836560403109,1.433412348879598,0.996726521643194,1.111
667,CopyProp;DeadStoreElimination-initial,cgp-gc-opts;nofree-inference,0.9693241323760166,1.1587028994797008,0.9986867721885394,1.111
668,CopyProp;DataflowConstProp;DeadStoreElimination-final;DestinationPropagation;EarlyOtherwiseBranch;EnumSizeOpt;ForceInline;UnreachableEnumBranching,cgp-gc-opts;nofree-inference,0.8812029777409436,1.987651595162689,0.9947955096097284,1.111
669,CopyProp;DataflowConstProp;DestinationPropagation;ForceInline;JumpThreading,cgp-gc-opts;nofree-inference,1.0084079827320682,1.4377551070889945,0.9981258288475221,1.111
670,CopyProp;UnreachablePropagation,adv-copy-opt;nofree-inference,0.9573570765587314,1.175720269160635,0.9986867721885394,1.111
671,CopyProp;DataflowConstProp,cgp-gc-opts;licm-promotion;nofree-inference;preheader-prot,0.9353884845400676,1.0671306711570776,0.9965087634282789,1.111
672,DataflowConstProp;EarlyOtherwiseBranch,cgp-gc-opts;layout-fsprofile-loader;nofree-inference,0.9670143526486403,1.1446646101215256,0.9986230462912364,1.111
673,CopyProp,cgp-gc-opts;cleanups;nofree-inference;vp,0.9723993312011208,0.9789914020389078,0.9993750557985887,1.111
674,DataflowConstProp;ForceInline,cgdata-for-merging;nofree-inference;separate-const-offset-from-gep,0.9653528342942596,1.1604682775352686,0.9986230462912364,1.111
675,CopyProp;EarlyOtherwiseBranch;UnreachableEnumBranching,cgp-gc-opts;nofree-inference,0.9465399931457733,1.2126943405232142,0.9980116998234948,1.111
676,CopyProp;DeadStoreElimination-final;ForceInline,cgp-gc-opts;nofree-inference,0.9467010583487541,1.3246983056599253,0.9981135975389733,1.111
677,CopyProp;DataflowConstProp;EarlyOtherwiseBranch;UnreachablePropagation,cgp-gc-opts;loop-idiom-vectorize-all;nofree-inference,0.9588459357568508,1.3291769692186857,0.9973116267336811,1.111
678,DataflowConstProp;ForceInline;UnreachablePropagation,demotion;icp;lftr;nofree-inference,0.9467049308549704,1.8055674630624412,0.9970061636151544,1.111
679,CopyProp;DataflowConstProp;DestinationPropagation;EarlyOtherwiseBranch;EnumSizeOpt;ForceInline;JumpThreading;SingleUseConsts,cgp-gc-opts;dfa-sched;nofree-inference;peephole,0.9611384809552312,1.9118525109316642,0.9991901080264546,1.111
680,EnumSizeOpt;ForceInline;MatchBranchSimplification,cgp-gc-opts;lftr;machine-dce;nofree-inference,0.9313944741186342,1.5825121189238593,0.9975021504426071,1.115
681,CopyProp;DataflowConstProp;DeadStoreElimination-final;EnumSizeOpt;ForceInline;GVN,cgp-gc-opts;i2p-p2i-opt;nofree-inference,0.926401125049466,1.9061990847035826,0.9965610658792401,1.115
682,CopyProp;DataflowConstProp;DeadStoreElimination-final;DestinationPropagation;EarlyOtherwiseBranch;EnumSizeOpt;MatchBranchSimplification,cgp-gc-opts;nofree-inference;peephole,0.9765638893284688,1.7929916436559634,0.9986553875919073,1.115
683,CopyProp;DataflowConstProp;DeadStoreElimination-final;DestinationPropagation;EnumSizeOpt;ForceInline,cgp-gc-opts;nofree-inference,0.9145060746336753,1.6699153930468043,0.9961544720369854,1.115
684,CopyProp;DataflowConstProp;DeadStoreElimination-initial,cgp-gc-opts;ifcvt-simple-false;nofree-inference;preinline,0.9631424839783909,1.271954287051302,0.9979989626090607,1.115
685,,cgp-gc-opts;nofree-inference;tail-duplicate,0.995389391480807,0.9595305813504197,0.9998979682936469,1.115
686,DataflowConstProp;EnumSizeOpt;ImpossiblePredicates,cgp-gc-opts;copyprop;nofree-inference,1.015662567242783,1.6278002846024175,0.9981898331994499,1.115
687,DataflowConstProp;EnumSizeOpt;ForceInline;Inline;ReferencePropagation,cgp-gc-opts;nofree-inference,0.9673906618616542,1.4203719785628945,1.0005533388364845,1.115
688,ForceInline;GVN;Inline,cgp-gc-opts;nofree-inference,1.043021933386298,1.3167840393318209,1.002431841911603,1.115
689,CopyProp;DataflowConstProp;DeadStoreElimination-initial;DestinationPropagation;ForceInline,cgp-gc-opts;nofree-inference,0.92989074598928,1.46177773769761,0.996726521643194,1.115
690,CopyProp;ReferencePropagation,cgp-gc-opts;demotion;nofree-inference,0.9918082846806112,1.2604071501275154,0.9983298843907359,1.115
691,CopyProp;ForceInline;Inline,cgp-gc-opts;chr;nofree-inference;promote-alloca-to-vector,1.0460894581721312,1.3220145598516764,1.0023550899457578,1.115
692,DataflowConstProp;EarlyOtherwiseBranch;ReferencePropagation,nofree-inference;replace-with-vec-lib,0.9373505357907121,1.2510153171023666,0.9975786613537192,1.115
693,CopyProp;EnumSizeOpt,auto-upgrade-debug-info;cgp-gc-opts;i2p-p2i-opt;nofree-inference,0.9513699197045257,1.1967406442963862,0.9990561514071478,1.115
694,DataflowConstProp;DestinationPropagation;EarlyOtherwiseBranch;EnumSizeOpt;ForceInline,cgp-gc-opts;nofree-inference;nounwind-inference;tail-calls,0.9310361063515139,1.5896304460098345,0.9970696857027609,1.115
695,DataflowConstProp;JumpThreading,cgp-gc-opts;nofree-inference,1.0544875486158187,1.1222400976013251,1.000025016031923,1.115
696,CopyProp;DataflowConstProp;DeadStoreElimination-final;DeadStoreElimination-initial;DestinationPropagation;EarlyOtherwiseBranch;EnumSizeOpt;ForceInline;SingleUseConsts,cgp-gc-opts;interleaved-load-combine;mr-partial-inlining;nofree-inference;replace-with-vec-lib,0.9215992140642697,2.40225983264525,0.9940976925738475,1.115
697,CopyProp;DataflowConstProp;DestinationPropagation;EarlyOtherwiseBranch;EnumSizeOpt;ForceInline;SingleUseConsts,cgp-delete-phis;cgp-gc-opts;nofree-inference,0.9031978608151772,1.7753447682772887,0.9953540753625941,1.115
698,CopyProp;DataflowConstProp,cgp-gc-opts;memop-opt;nofree-inference,0.9777603158176436,1.125189089644053,0.9986867721885394,1.115
699,DataflowConstProp;SingleUseConsts,cgp-gc-opts;nofree-inference;nounwind-inference,0.9773792995922547,1.1693301778805054,0.9990306111449014,1.115
700,CopyProp;DataflowConstProp;DestinationPropagation;EarlyOtherwiseBranch;ForceInline;SingleUseConsts,cgp-gc-opts;nofree-inference,0.9145355185757463,1.6498422650829287,0.9960400621157444,1.115
701,DataflowConstProp;ForceInline;SingleUseConsts,cgp-gc-opts;early-taildup;nofree-inference;ra-fsprofile-loader,0.9574367487972574,1.3366441351585723,0.9981898331994499,1.115
702,DataflowConstProp;DestinationPropagation;ForceInline,nofree-inference,0.9589462164043302,1.257947367883414,0.9980371718140919,1.115
703,CopyProp;DataflowConstProp;ForceInline,ifcvt-diamond;partial-libcall-inlining;replace-with-vec-lib,0.9772014375059216,1.177856294725752,0.9979989626090607,1.115
704,CopyProp,nofree-inference;ondemand-mds-loading,0.9758875655850502,1.0369631140488715,0.9993750557985887,1.115
705,ForceInline,cgp-ext-ld-promotion;cgp-gc-opts;nofree-inference,0.9803950795440686,1.0730620685753596,0.9993367763410409,1.115
706,CopyProp;DataflowConstProp;DestinationPropagation;ForceInline;Inline,nofree-inference,0.9555683353079385,1.4434681099670474,1.0010770949511962,1.115
707,ForceInline;ImpossiblePredicates,cgp-gc-opts;nofree-inference;postra-machine-licm,0.9581995715715316,1.1472938358319233,0.9986485190945906,1.115
708,CopyProp;DataflowConstProp;DestinationPropagation;EarlyOtherwiseBranch;EnumSizeOpt;ForceInline,cgp-gc-opts;nofree-inference,0.9109275548383137,1.6059332802551771,0.9960400621157444,1.115
709,DataflowConstProp;InstSimplify-before-inline;UnreachableEnumBranching,ifcvt-simple;nofree-inference,0.9807757928197725,1.147265910671517,0.9979480170023527,1.115
710,ForceInline;ReferencePropagation,advanced-peeling;cgp-gc-opts;dfa-sched;nofree-inference;replace-with-vec-lib,0.9619571124505936,1.1199215175346187,0.9978714939090918,1.115
711,CopyProp;DataflowConstProp;EarlyOtherwiseBranch;EnumSizeOpt;ForceInline;SingleUseConsts;UnreachablePropagation,cgp-gc-opts;loop-idiom-vectorize-all;nofree-inference,0.969558363469782,1.8501259866631876,0.9952524580707929,1.115
712,DataflowConstProp,cgp-gc-opts;ifcvt-triangle-rev;nofree-inference,0.9804219820061073,1.0184622100502738,0.9993112859821192,1.115
713,CopyProp;DataflowConstProp;EnumSizeOpt;GVN,cgp-gc-opts;nofree-inference,0.9802916367134495,1.39514897500873,0.9974516395971835,1.115
714,CopyProp;DataflowConstProp;EnumSizeOpt;ForceInline,cgp-gc-opts;copyprop;lftr;nofree-inference,0.934147602402207,1.7472990009028393,0.9966372470616668,1.115
715,EnumSizeOpt;InstSimplify-after-simplifycfg;ReferencePropagation,cgp-select2branch;nofree-inference,1.019659355210229,1.3127721191462003,0.9978587620588575,1.115
716,CopyProp;DataflowConstProp;DestinationPropagation;ForceInline;MatchBranchSimplification,cgp-gc-opts;nofree-inference;strictnode-mutation,0.9866781789785314,1.3361452802026463,0.9967901265161171,1.115
717,CopyProp;DataflowConstProp;EarlyOtherwiseBranch;ForceInline,cgp-gc-opts;licm-promotion;nofree-inference,0.9115581371009001,1.3274493027246974,0.995162001509939,1.115
718,CopyProp;DataflowConstProp;DeadStoreElimination-initial;ForceInline,cgp-gc-opts;machine-licm;nofree-inference,0.9370231285253974,1.3104119653285662,0.9963449313667907,1.115
719,CopyProp;DataflowConstProp;JumpThreading,cgp-gc-opts;nofree-inference,1.0321411522862518,1.2042313147130026,0.9994000561968873,1.115
720,,cgp-ext-ld-promotion;nofree-inference;preinline;type-promotion,1.0152728327990677,1.0559548379626131,1.0000255079265885,1.117
721,CopyProp;DataflowConstProp;DeadStoreElimination-final;DestinationPropagation;ForceInline,cgp-gc-opts;early-taildup;nofree-inference;vp,0.9274467478184754,1.6579371485346894,0.9970952838875945,1.117
722,DataflowConstProp,nofree-inference;non-allocatable-phys-copy-opt,0.9934396053070039,1.0663319691728463,0.9993112859821192,1.117
723,CopyProp;DataflowConstProp;EarlyOtherwiseBranch;EnumSizeOpt;ForceInline;Inline,cgp-gc-opts;interleaved-load-combine;nofree-inference;vp,0.9754967968490097,1.6374716863092789,1.0002855079465358,1.117
724,DataflowConstProp;EarlyOtherwiseBranch;EnumSizeOpt;ForceInline;UnreachableEnumBranching,cgp-gc-opts;nofree-inference,0.9163042758334355,1.462540036721571,0.9965738887791877,1.117
725,DataflowConstProp;InstSimplify-before-inline;ScalarReplacementOfAggregates,loop-idiom-vectorize-bytecmp;nofree-inference;promote-alloca-to-vector,0.9507645440286205,1.3355837385674123,0.9982409542409255,1.117
726,EnumSizeOpt;ForceInline,cgp-gc-opts;nofree-inference;preinline,0.9782889748775521,1.1754376587511028,0.9986230462912364,1.117
727,CopyProp;DataflowConstProp;DeadStoreElimination-final;DestinationPropagation;EarlyOtherwiseBranch;EnumSizeOpt;ForceInline;InstSimplify-after-simplifycfg;UnreachableEnumBranching,bitcode-version-upgrade;cgp-gc-opts;nofree-inference,0.9087063229138121,2.1842568134788096,0.9943895068764573,1.117
728,CopyProp;DeadStoreElimination-final;ForceInline;MatchBranchSimplification,cgp-gc-opts;demotion;nofree-inference,0.9409314544008037,1.6518128824166722,0.9974898322338412,1.117
729,ForceInline,cgp;cgp-gc-opts;expand-reductions;nofree-inference,1.0413771362482114,1.055981782268927,1.0002544747766526,1.117
730,CopyProp;DataflowConstProp;EarlyOtherwiseBranch;EnumSizeOpt;ForceInline;InstSimplify-after-simplifycfg,cgp-branch-opts;cgp-gc-opts;nofree-inference,0.955739958219893,1.6331867178739632,0.9962180149349988,1.117
731,CopyProp;DataflowConstProp;EarlyOtherwiseBranch;EnumSizeOpt;ForceInline;Inline;SingleUseConsts,cgp-gc-opts;layout-fsprofile-loader;nofree-inference,0.9344829446311116,1.8282748047124477,0.9995965972953298,1.117
732,CopyProp;DataflowConstProp;DestinationPropagation;EarlyOtherwiseBranch;EnumSizeOpt;ForceInline,cgp-gc-opts;machine-licm;nofree-inference;partial-libcall-inlining,0.9321159723989583,1.5587596967418293,0.9950745992779773,1.117
733,DataflowConstProp;ForceInline,cgp-gc-opts;nofree-inference;spill-fusing,0.9715220436040554,1.1303764335788051,0.9991579751616709,1.117
734,DataflowConstProp;EarlyOtherwiseBranch;EnumSizeOpt;ForceInline;UnreachablePropagation,cgp-gc-opts;nofree-inference,0.9195985459310233,1.4892908152470041,0.9965611699149469,1.117
735,DataflowConstProp;DeadStoreElimination-initial;EnumSizeOpt;ForceInline,cgp-gc-opts;nofree-inference;vp,0.9342538756517433,1.3949506940840972,0.9972479885839886,1.117
736,DeadStoreElimination-initial;ForceInline;UnreachableEnumBranching,cgp-gc-opts;nofree-inference,0.9526252307451821,1.2598747200705078,0.9979480170023527,1.117
737,CopyProp;ForceInline;UnreachablePropagation,cgp-gc-opts;last-run-tracking;nofree-inference;ssc,0.9504465348731818,1.1999654966792526,0.9982789883360672,1.117
738,CopyProp;DestinationPropagation;ForceInline,block-placement;cfi-fixup;cgp-gc-opts;nofree-inference,0.9484462493805284,1.2052879599647184,0.9930089636299843,1.117
739,CopyProp;DataflowConstProp;DeadStoreElimination-final;DeadStoreElimination-initial;DestinationPropagation;EnumSizeOpt;ForceInline;InstSimplify-before-inline;SingleUseConsts,cgp-gc-opts;nofree-inference;postra-machine-sink,0.8975925491397742,2.3593845036674472,0.9942244794286658,1.117
740,ForceInline,cgp-gc-opts;ifcvt-simple-false;nofree-inference,0.9795168055307837,1.0803481659894776,0.9993112859821192,1.117
741,CopyProp;DataflowConstProp;EarlyOtherwiseBranch;EnumSizeOpt;ForceInline,block-placement;cgp-gc-opts;nofree-inference,0.8959326243386164,1.4765274550129242,0.9915403979717314,1.117
742,DataflowConstProp;DestinationPropagation;EarlyOtherwiseBranch;UnreachablePropagation,cfi-fixup;cgp-gc-opts;nofree-inference,0.9536539266612847,1.3104771142513645,0.9973498096234971,1.117
743,CopyProp,cgp-gc-opts;type-promotion,0.9755314497855646,1.0486201351691204,0.9993750557985887,1.117
744,DataflowConstProp;EarlyOtherwiseBranch;EnumSizeOpt;ForceInline;SingleUseConsts,cgp-gc-opts;nofree-inference;post-ra,0.920950062031282,1.621597368408551,0.9965611699149469,1.117
745,CopyProp;DataflowConstProp;ForceInline;GVN,nofree-inference,0.9713335590863751,1.466304424843151,0.9974516395971835,1.117
746,DataflowConstProp;EarlyOtherwiseBranch;EnumSizeOpt;ForceInline;Inline;UnreachablePropagation,cgp-gc-opts;licm-promotion;nofree-inference,0.9624113144535414,1.5704849723841774,0.9980657824241574,1.117
747,CopyProp;DataflowConstProp;DeadStoreElimination-final;ReferencePropagation,cgp-gc-opts;nofree-inference,0.9381167120877483,1.3667268738270364,0.9970697453956924,1.117
748,,complex-addr-modes;nofree-inference,0.9995107559152122,1.0354487459566941,1.0000000000000002,1.117
749,CopyProp;DataflowConstProp;EarlyOtherwiseBranch;ForceInline,cgp-gc-opts;interleaved-load-combine;machine-dce;nofree-inference;postra-machine-licm,0.918933826588659,1.761915622720487,0.9977695460967528,1.117
750,EnumSizeOpt,binop-extract-shuffle;nofree-inference;preheader-prot;tail-duplicate,0.9664992158286705,1.113742652994674,0.9991838367883349,1.117
751,ForceInline;MatchBranchSimplification,cgp-gc-opts;copyprop;nofree-inference,0.9886936675451041,1.5415593760143138,0.9989415164772355,1.117
752,CopyProp;DataflowConstProp;ForceInline;InstSimplify-after-simplifycfg,nofree-inference;thinlto-funcattrs,0.9473329010497344,1.3993772615978528,0.9975916524606866,1.117
753,CopyProp;DataflowConstProp;DestinationPropagation,cgp-gc-opts;last-run-tracking;nofree-inference,0.9613977602082576,1.1656386640958885,0.9981008603245384,1.117
754,CopyProp;DataflowConstProp;DeadStoreElimination-final;DeadStoreElimination-initial;DestinationPropagation;EarlyOtherwiseBranch;EnumSizeOpt;ForceInline;InstSimplify-after-simplifycfg,cgp-gc-opts;early-taildup;nofree-inference,0.9008051251644411,2.6558470371875242,0.9946304607987954,1.117
755,DataflowConstProp;DestinationPropagation;ForceInline,cgp-gc-opts;nofree-inference;thinlto-funcattrs,0.970462196493731,1.1899774533273122,0.9980371718140919,1.117
756,CopyProp;DataflowConstProp;DestinationPropagation;EarlyOtherwiseBranch;EnumSizeOpt;ForceInline;SingleUseConsts,cgp-gc-opts;nofree-inference;tail-duplicate,0.8963378090888905,1.8444933411815223,0.9952525176878592,1.117
757,CopyProp;DataflowConstProp;DestinationPropagation;EarlyOtherwiseBranch;EnumSizeOpt;ForceInline,block-placement;cgp-gc-opts;nofree-inference,0.8941525434737307,1.5923095433954948,0.9909586787590748,1.117
758,CopyProp;ScalarReplacementOfAggregates,bitcode-version-upgrade;cgp-gc-opts;nofree-inference;postra-machine-sink,1.0047423592261053,1.171865392406614,0.9991200871744379,1.117
759,CopyProp;DataflowConstProp;ForceInline,cgdata-for-merging;licm-promotion;nofree-inference;tail-duplicate;thinlto-funcattrs,0.9176118161645281,1.223386505278262,0.9957462478319613,1.117
760,CopyProp;DataflowConstProp;DestinationPropagation;EarlyOtherwiseBranch;EnumSizeOpt;ForceInline;InstSimplify-after-simplifycfg;SingleUseConsts,cgp-gc-opts;nofree-inference,0.9083360376615155,2.0539308232389604,0.9949478446636554,1.124
761,DataflowConstProp;GVN;InstSimplify-after-simplifycfg,nofree-inference,1.0221268582647796,1.3889835362464793,0.9983556211934921,1.124
762,CopyProp;DataflowConstProp;DeadStoreElimination-final;DeadStoreElimination-initial;DestinationPropagation;EarlyOtherwiseBranch;EnumSizeOpt;ForceInline;SingleUseConsts,cgp-gc-opts;early-taildup;nofree-inference;partial-libcall-inlining;type-promotion,0.9009292285111286,2.7637209067598136,0.9943512662834844,1.124
763,CopyProp;EarlyOtherwiseBranch;Inline;ScalarReplacementOfAggregates,cgdata-for-merging;cgp-gc-opts;nofree-inference,1.012610480706297,1.383191191036282,1.0019715699450136,1.124
764,DataflowConstProp;ForceInline,nofree-inference;promote-alloca-to-vector,0.9951636147635445,1.2376911173659653,0.9986230462912364,1.124
765,DataflowConstProp;ScalarReplacementOfAggregates,cgp-gc-opts;copyprop;nofree-inference,0.9779176481141731,1.5376026073766327,0.9991837366565811,1.124
766,CopyProp;DataflowConstProp;EnumSizeOpt;GVN;UnreachableEnumBranching,cgp-gc-opts;nofree-inference,0.9632634338642356,1.470316921418708,0.9967774021324328,1.124
767,CopyProp;ForceInline,binop-extract-shuffle;cgp-gc-opts;early-ifcvt;machine-cse;nofree-inference,0.9881422016185585,1.182772760169978,0.9995274283412352,1.124
768,CopyProp;DataflowConstProp;EarlyOtherwiseBranch;ForceInline;MatchBranchSimplification;SingleUseConsts,cgp-gc-opts;ifcvt-triangle-false;nofree-inference;tail-calls,0.9219090009540764,1.7732639725118988,0.9960019293687613,1.124
769,DataflowConstProp;EnumSizeOpt;ForceInline,2addr-hack;cgp-gc-opts;nofree-inference,0.9506239972655871,1.2429249358044838,0.9979352806006764,1.124
770,DataflowConstProp;EnumSizeOpt;ForceInline;ScalarReplacementOfAggregates,cgdata-for-merging;nofree-inference,0.949640059282878,1.4505557151576953,0.9975534517025167,1.124
771,CopyProp;DataflowConstProp;DeadStoreElimination-final;DestinationPropagation;EarlyOtherwiseBranch;EnumSizeOpt;ForceInline;ImpossiblePredicates,cgp-gc-opts;nofree-inference,0.8920706788368377,2.055163476770531,0.9947828134422124,1.124
772,CopyProp;DataflowConstProp;DeadStoreElimination-final;DestinationPropagation;EarlyOtherwiseBranch;EnumSizeOpt;ForceInline,cgp-gc-opts;mr-partial-inlining;nofree-inference;thinlto-funcattrs,0.9044644091004133,1.843095232132957,0.9954684064881186,1.124
773,CopyProp;DataflowConstProp;EnumSizeOpt;ForceInline,cgp-gc-opts;nofree-inference,0.930782029573927,1.318518125792338,0.9973116267336811,1.124
774,CopyProp;DataflowConstProp;EarlyOtherwiseBranch;EnumSizeOpt;ForceInline,adv-copy-opt;cgp-gc-opts;nofree-inference,0.9125786726519834,1.5247760381759643,0.9966247642361538,1.124
775,CopyProp;DataflowConstProp;EarlyOtherwiseBranch,nofree-inference,0.9448074135863959,1.2769298081565736,0.9979989626090607,1.124
776,DataflowConstProp;EnumSizeOpt;ForceInline;InstSimplify-after-simplifycfg;JumpThreading;SingleUseConsts,block-placement;cgp-gc-opts;nofree-inference,1.0261640211845593,1.7429719422189034,0.992463849148315,1.124
777,CopyProp,cgp-branch-opts;cgp-select2branch;nofree-inference,1.031634103405158,1.0201375834233064,0.9993750557985887,1.124
778,DataflowConstProp;ForceInline,block-placement;cgp-gc-opts;nofree-inference;ssc,0.9460811667592554,1.0873730971140743,0.9938072569888408,1.124
779,CopyProp;DestinationPropagation;ForceInline,cgp-gc-opts;cgp-select2branch;complex-addr-modes;nofree-inference,1.0103281303519847,1.2357458028142534,0.9981008603245384,1.124
780,CopyProp;DataflowConstProp;ForceInline;JumpThreading,cgp-gc-opts;nofree-inference,1.010415523578606,1.3332111824658386,0.9987117553687131,1.124
781,CopyProp;DataflowConstProp;DestinationPropagation;EarlyOtherwiseBranch;EnumSizeOpt;ForceInline,cfi-fixup;cgp-gc-opts;layout-fsprofile-loader;nofree-inference,0.9079811350926981,1.6212310777334409,0.9960400621157444,1.124
782,CopyProp;DataflowConstProp;EnumSizeOpt,layout-fsprofile-loader;nofree-inference,0.945535490693584,1.2635022937326594,0.9979989626090607,1.124
783,CopyProp;InstSimplify-before-inline,licm-promotion;nofree-inference;preinline;whole-program-visibility,1.0488369010651497,1.0931741070235474,0.9965341829490606,1.124
784,CopyProp;EarlyOtherwiseBranch;ForceInline;GVN,cgp-gc-opts;lsr;nofree-inference,0.9754378600663163,1.4151125474456567,0.9959505071284943,1.124
785,DataflowConstProp;ForceInline,nofree-inference;preinline,0.9706005029469512,1.1790938582004056,0.9986230462912364,1.124
786,CopyProp;DataflowConstProp;EarlyOtherwiseBranch;EnumSizeOpt;InstSimplify-before-inline;JumpThreading,cgp-gc-opts;nofree-inference,1.0164433648928783,1.5899739749216653,0.9973365755131721,1.124
787,DataflowConstProp;ForceInline;UnreachablePropagation,cgp;early-taildup;nofree-inference,1.0044485176476015,1.3950066627696796,0.9990809945539715,1.124
788,CopyProp;DataflowConstProp;DestinationPropagation;EarlyOtherwiseBranch;ForceInline;UnreachablePropagation,cgp-gc-opts;cgp-select2branch;nofree-inference;partial-libcall-inlining,0.9683661371606646,1.5301878140191094,0.9960400621157444,1.124
789,CopyProp;DataflowConstProp;DeadStoreElimination-final;DestinationPropagation;EarlyOtherwiseBranch;EnumSizeOpt;ForceInline;Inline;JumpThreading,cgp-ext-ld-promotion;cgp-gc-opts;nofree-inference,0.9823747004740837,2.3030055267941885,0.9998640034707968,1.124
790,CopyProp;DeadStoreElimination-initial;ForceInline,cgp-gc-opts;global-outlining;nofree-inference,0.9403794718433748,1.303602570454208,0.9979989626090607,1.124
791,EnumSizeOpt;ForceInline;GVN,cgp-gc-opts;early-ifcvt;nofree-inference;preheader-prot,0.9967996922593096,1.3241798137926328,0.998049922185574,1.124
792,,cgp-gc-opts;chr;nofree-inference;preinline,1.0082601333114056,0.9913764248823063,1.0000000000000002,1.124
793,DataflowConstProp;DestinationPropagation;SingleUseConsts,nofree-inference;replace-with-vec-lib;vector-combine,1.0023380258485584,1.4581115951711485,0.9980371718140919,1.124
794,CopyProp,adv-copy-opt;nofree-inference;spill-fusing,0.968883309244697,1.11496254968363,0.9999103874952929,1.124
795,CopyProp;DataflowConstProp;DeadStoreElimination-final;EnumSizeOpt;ForceInline;ImpossiblePredicates;Inline,cgp-gc-opts;nofree-inference,0.9385896228920435,1.8043698762555371,0.9997114157371969,1.124
796,CopyProp;DataflowConstProp;DestinationPropagation;EarlyOtherwiseBranch;EnumSizeOpt;ForceInline;MatchBranchSimplification;SingleUseConsts,cgp-gc-opts;nofree-inference;postra-machine-sink,0.8913997940659472,2.057102408135178,0.9948589023634129,1.124
797,DataflowConstProp;ForceInline,cgp-gc-opts;nofree-inference;ondemand-mds-loading,0.9713983567586665,1.0764420489446964,0.9986230462912364,1.124
798,DataflowConstProp;ReferencePropagation,adv-copy-opt;machine-cse;nofree-inference,0.9886948341620786,1.2722539096406664,0.9991064833817516,1.124
799,DataflowConstProp;EnumSizeOpt;ForceInline,cgp-gc-opts;loop-idiom-vectorize-bytecmp;nofree-inference,0.9508642505988714,1.219960315509964,0.9979352806006764,1.124
800,DeadStoreElimination-initial;ImpossiblePredicates,cfi-fixup;cgp-gc-opts;ifcvt-triangle-rev;nofree-inference,1.0229931767944465,1.1936690954874123,0.9986230462912364,1.124
801,DataflowConstProp;DeadStoreElimination-final;EnumSizeOpt;ForceInline;InstSimplify-after-simplifycfg,cgp-gc-opts;nofree-inference,0.9432502130540146,1.6239418761205027,0.9969554868473218,1.124
802,DataflowConstProp;DestinationPropagation;ForceInline,cgp-gc-opts;nofree-inference,0.9627529756802587,1.1978175517280178,0.9980371718140919,1.124
803,CopyProp;DataflowConstProp;ForceInline,lftr;nofree-inference,0.9518010935253925,1.2323953740074836,0.9970697863330849,1.124
804,ForceInline;UnreachablePropagation,cgp;nofree-inference,1.0241705132060301,1.1998902434693932,0.9995145944086289,1.124
805,CopyProp;DataflowConstProp;DestinationPropagation;EnumSizeOpt;ForceInline,cgp-gc-opts;nofree-inference,0.9289327082798764,1.4219098925056592,0.996726521643194,1.124
806,DataflowConstProp;Inline,cleanups;nofree-inference,1.016942080499601,1.0845536151797368,1.0029818976668254,1.124
807,CopyProp;DataflowConstProp;EnumSizeOpt,cgp-gc-opts;nofree-inference,0.9507954045769673,1.1909597196440531,0.9979989626090607,1.124
808,DataflowConstProp;DeadStoreElimination-final;DeadStoreElimination-initial;EarlyOtherwiseBranch,cgp-gc-opts;ifcvt-diamond;nofree-inference,0.9428885145128831,1.4543385777617737,0.9973625372534359,1.124
809,CopyProp;DataflowConstProp,cgp-gc-opts;machine-dce;nofree-inference;vector-combine,0.952767825509716,1.5856105459121703,0.9991198374793221,1.124
810,DataflowConstProp;UnreachableEnumBranching,cgp;early-taildup;nofree-inference,1.0269606565056488,1.2374153612602168,0.9997823096696113,1.124
811,CopyProp;DataflowConstProp;DeadStoreElimination-final;DeadStoreElimination-initial;DestinationPropagation;EarlyOtherwiseBranch;EnumSizeOpt;ForceInline;InstSimplify-before-inline;SingleUseConsts,cgp-gc-opts;nofree-inference;preheader-prot;strictnode-mutation,0.9759476320774169,2.470477562684114,0.9933877036508413,1.124
812,CopyProp;DataflowConstProp;EnumSizeOpt;ReferencePropagation,cgp-gc-opts;nofree-inference,0.9393474921864309,1.2874092062856695,0.9969552303538542,1.124
813,CopyProp;DataflowConstProp;EnumSizeOpt;Inline,cgp-gc-opts;early-taildup;nofree-inference;partial-inlining,0.9352448876036303,1.3800637663309308,1.001920257854514,1.124
814,CopyProp;DataflowConstProp;ReferencePropagation,cgp-gc-opts;nofree-inference,0.9529158112933932,1.1637490559939574,0.9976423206048862,1.124
815,DataflowConstProp;ScalarReplacementOfAggregates,mr-partial-inlining;nofree-inference;ondemand-mds-loading,0.9761693150663054,1.143720707308151,0.9989289305982957,1.124
816,EarlyOtherwiseBranch;ForceInline;JumpThreading;MatchBranchSimplification,cgp-gc-opts;mergeicmps;nofree-inference,1.0174264025737625,1.4487844384499418,0.9987117553687131,1.124
817,MatchBranchSimplification,cgp-gc-opts;cgp-select2branch;chr;nofree-inference,1.0429549169419905,1.0454373515302133,0.9993750557985887,1.124
818,CopyProp;ScalarReplacementOfAggregates,mergeicmps;nofree-inference,0.9916844611926587,1.2198987131467909,0.9989926760152283,1.124
819,CopyProp;DataflowConstProp;DestinationPropagation;EarlyOtherwiseBranch;EnumSizeOpt;ForceInline,cgp-gc-opts;complex-addr-modes;last-run-tracking;nofree-inference;replace-with-vec-lib;type-promotion,0.9070593287980391,1.671117965100754,0.9960400621157444,1.124
820,CopyProp;DataflowConstProp;ForceInline;GVN,nofree-inference,0.9713335590863751,1.466304424843151,0.9974516395971835,1.124
821,CopyProp;DataflowConstProp;DeadStoreElimination-final;DeadStoreElimination-initial;DestinationPropagation;EarlyOtherwiseBranch;EnumSizeOpt;ForceInline;InstSimplify-after-simplifycfg,cgp-gc-opts;nofree-inference;tail-calls,0.9239777273986236,2.5000348431755497,0.9943768158905877,1.124
822,CopyProp;DataflowConstProp;UnreachableEnumBranching,demotion;machine-sink;nofree-inference,0.9158423115346631,1.360748828674186,0.9976552988950697,1.124
823,DeadStoreElimination-final;ForceInline,cgp-gc-opts;nofree-inference;spill-fusing,0.9740680064678418,1.256351723186853,0.9992727432213039,1.124
824,DataflowConstProp;ForceInline;ReferencePropagation,cgp-gc-opts;nofree-inference,0.9530546635169593,1.2006716011945462,0.9975786613537192,1.124
825,DataflowConstProp;EarlyOtherwiseBranch;EnumSizeOpt;ForceInline;ReferencePropagation;UnreachableEnumBranching,cgp-gc-opts;nofree-inference,0.9052716488115555,1.5809833672623943,0.9955316469018055,1.124
826,EnumSizeOpt;ForceInline,cgp-delete-phis;cgp-gc-opts;machine-sink;nofree-inference;non-allocatable-phys-copy-opt,0.9602738615949385,1.142367731937517,0.9982664270442797,1.124
827,CopyProp;DataflowConstProp;ForceInline;ImpossiblePredicates;InstSimplify-after-simplifycfg,block-placement;cgp-gc-opts;nofree-inference;separate-const-offset-from-gep,0.9504481886427935,1.4603747067740875,0.9918188032498356,1.124
828,DataflowConstProp;DeadStoreElimination-final,dfa-sched;nofree-inference,0.9736518073735837,1.1995963577481603,0.9987377529063829,1.124
829,CopyProp;DataflowConstProp;DestinationPropagation;ForceInline;UnreachableEnumBranching,cgp-gc-opts;constant-hoisting;interleaved-load-combine;nofree-inference;whole-program-visibility,0.9362851245433722,1.3497790089986301,0.9968663663749194,1.124
830,CopyProp;DataflowConstProp;DeadStoreElimination-final;DestinationPropagation;EarlyOtherwiseBranch;EnumSizeOpt;ForceInline,cgp-gc-opts;nofree-inference;peephole;ssc,0.8796422615577156,1.798800813244198,0.9988718557285864,1.124
831,CopyProp;DataflowConstProp,2addr-hack;cgp-gc-opts;ifcvt-triangle-false;nofree-inference,0.9580407684713463,1.1185053144618606,0.9986867721885394,1.124
832,CopyProp;DataflowConstProp;DestinationPropagation;EarlyOtherwiseBranch;ForceInline;JumpThreading;SingleUseConsts;UnreachablePropagation,cgp-gc-opts;nofree-inference,0.9651008189796891,1.9804991281892463,0.9960649790857344,1.124
833,CopyProp;DataflowConstProp;EarlyOtherwiseBranch;EnumSizeOpt,cgp-gc-opts;copyprop;ifcvt-forked-diamond;ifcvt-simple-false;nofree-inference,0.9220463463941915,1.8361017099450692,0.997566020251284,1.124
834,DataflowConstProp;DeadStoreElimination-final;EarlyOtherwiseBranch;EnumSizeOpt;ForceInline;UnreachablePropagation,cgdata-for-merging;cgp-gc-opts;nofree-inference,0.9114697800276919,1.7266559576057108,0.9959892152087827,1.124
835,DataflowConstProp;EarlyOtherwiseBranch;ForceInline,cfi-fixup;cgp-gc-opts;ifcvt-forked-diamond;nofree-inference;replace-with-vec-lib,0.9441247484431674,1.203067064465953,0.9979352806006764,1.124
836,CopyProp;DeadStoreElimination-final,nofree-inference;spill-fusing,0.9610726812023538,1.278845680810358,0.9993365105782148,1.124
837,DataflowConstProp;ReferencePropagation,vp,0.9606732938363071,1.1402081350128221,0.9982661812663339,1.124
838,CopyProp;DeadStoreElimination-final;DestinationPropagation;EarlyOtherwiseBranch;EnumSizeOpt;ForceInline;ScalarReplacementOfAggregates,cgp-gc-opts;demotion;ifcvt-diamond;nofree-inference,0.9004912720830062,2.235134429076974,0.9957733245098375,1.124
839,CopyProp;DataflowConstProp;EarlyOtherwiseBranch;ForceInline,cgp-gc-opts;nofree-inference,0.9259250359462505,1.3461214920795797,0.9973116267336811,1.124
840,CopyProp;DataflowConstProp;ScalarReplacementOfAggregates,cgp-gc-opts;nofree-inference,0.9590005023557145,1.225847773538273,0.9983046557554961,1.125
841,CopyProp;DataflowConstProp;EarlyOtherwiseBranch;ForceInline,block-placement;cgp-gc-opts;icp;lftr;nofree-inference,0.9170724630818855,1.6821843811871477,0.9912999570497321,1.125
842,DataflowConstProp;ForceInline,copyprop;nofree-inference,0.9570642605600428,1.5700308934012226,0.9988777743247773,1.125
843,CopyProp;ForceInline,cgp-gc-opts;copyprop;nofree-inference,0.9550279651460944,1.518190561488782,0.9989415164772355,1.125
844,ForceInline,cgp-gc-opts;memop-opt;nofree-inference,0.9934979478306254,1.0986419102100384,0.9993112859821192,1.125
845,DataflowConstProp;Inline,cgp-gc-opts;nofree-inference;nounwind-inference,0.9888186802019365,1.1002352396516548,1.0033912414846649,1.125
846,CopyProp;DataflowConstProp;EarlyOtherwiseBranch;ForceInline,cgp-gc-opts;nofree-inference;ra-fsprofile-loader,0.9292843869292563,1.2954559374195183,0.9973116267336811,1.125
847,CopyProp;DataflowConstProp;DestinationPropagation;EnumSizeOpt;ForceInline;SingleUseConsts,cgp-gc-opts;nofree-inference;ssc,0.9108702047518363,1.5955784202803092,0.9963195382003611,1.125
848,,complex-addr-modes;nofree-inference,0.9995107559152122,1.0354487459566941,1.0000000000000002,1.125
849,CopyProp;DataflowConstProp;DeadStoreElimination-final;ForceInline,cgp-gc-opts;ifcvt-forked-diamond;nofree-inference,0.9334700785738076,1.3812442527871778,0.9974261827129104,1.125
850,CopyProp;DataflowConstProp;DeadStoreElimination-final;EnumSizeOpt;ForceInline,nofree-inference,0.9176859515411356,1.6262237334138745,0.9967392413190743,1.125
851,DataflowConstProp;EnumSizeOpt,cgp-gc-opts;nofree-inference,0.9713806228796624,1.1098721115146544,0.9986230462912364,1.125
852,CopyProp;ForceInline,cgp-gc-opts;ifcvt-triangle;nofree-inference,0.9585782013441041,1.0818721492932013,0.9986867721885394,1.125
853,DataflowConstProp;DestinationPropagation;ForceInline,cgp-gc-opts;nofree-inference;non-allocatable-phys-copy-opt;vector-combine,0.9782944896977172,1.4074745920711331,0.9980371718140919,1.125
854,DataflowConstProp;EarlyOtherwiseBranch;EnumSizeOpt,cgp-gc-opts;early-taildup;nofree-inference;spill-fusing,0.9441684245218984,1.403612629438138,0.9987245300121621,1.125
855,CopyProp;DataflowConstProp;DestinationPropagation,cgp-gc-opts;ifcvt-triangle-rev;nofree-inference;partial-inlining,0.9603598113515928,1.1607428151860488,0.9981008603245384,1.125
856,CopyProp;ImpossiblePredicates;Inline;MatchBranchSimplification,early-ifcvt;nofree-inference,0.9839419544108439,1.3137240404160266,1.001728673944541,1.125
857,CopyProp;DataflowConstProp;DestinationPropagation;EarlyOtherwiseBranch;EnumSizeOpt;ForceInline;JumpThreading;ScalarReplacementOfAggregates,cgp-gc-opts;nofree-inference,0.9691948872198249,2.0454758127262567,0.9963700798412649,1.125
858,CopyProp;DataflowConstProp;DestinationPropagation;ForceInline;GVN,binop-extract-shuffle;cgp-gc-opts;gep-const-evaluation;nofree-inference;partial-inlining,1.082047134977151,1.557652294249102,0.996866452363626,1.125
859,CopyProp;DataflowConstProp;ForceInline,cfi-fixup;nofree-inference,0.9359957738392533,1.2508663010716683,0.9979989626090607,1.125
860,DataflowConstProp;JumpThreading,ifcvt-diamond;licm-promotion;nofree-inference,1.063526746295122,1.116854937999742,0.9978695423151711,1.125
861,CopyProp;DeadStoreElimination-initial;ForceInline,cgp-gc-opts;complex-addr-modes;nofree-inference;vp,0.9404715729593475,1.3297403926939642,0.9979989626090607,1.125
862,DataflowConstProp;EarlyOtherwiseBranch;EnumSizeOpt;ForceInline;GVN,cgp-gc-opts;nofree-inference,0.9614310850703165,1.6257018644726005,0.9967010774216029,1.125
863,CopyProp;DataflowConstProp;DestinationPropagation;EnumSizeOpt;ForceInline;ScalarReplacementOfAggregates,cgp;cgp-gc-opts;nofree-inference,0.9874265865877762,1.63985695095718,0.9972346697067274,1.125
864,CopyProp;DataflowConstProp;DestinationPropagation;EarlyOtherwiseBranch;EnumSizeOpt;ForceInline;Inline,cgp-gc-opts;i2p-p2i-opt;nofree-inference,0.9072477891159875,1.8046140544865072,1.0000684116122822,1.125
865,CopyProp;DataflowConstProp;EarlyOtherwiseBranch,cgp-gc-opts;gep-const-evaluation;nofree-inference,1.024294701273478,1.2849717996663936,0.9979989626090607,1.125
866,,cgp-gc-opts;dfa-sched;memop-opt;nofree-inference;preinline,1.0301889695357012,0.9724432956404463,1.0000000000000002,1.125
867,CopyProp;DataflowConstProp;DestinationPropagation;EarlyOtherwiseBranch;EnumSizeOpt;ForceInline;UnreachableEnumBranching,cgp-gc-opts;nofree-inference,0.8951042440971048,1.6924578800725307,0.9953667788209851,1.125
868,CopyProp;DataflowConstProp;DestinationPropagation;EarlyOtherwiseBranch;EnumSizeOpt;ForceInline;SingleUseConsts,cgp-gc-opts;nofree-inference,0.9015136864226576,1.8251547531205843,0.9953540753625941,1.125
869,CopyProp;DestinationPropagation,nofree-inference;postra-machine-licm;preheader-prot;vp,0.9566308934455008,1.159699615758486,0.9987887394809016,1.125
870,DataflowConstProp;EarlyOtherwiseBranch;EnumSizeOpt;ForceInline,cgp-delete-phis;cgp-gc-opts;nofree-inference;preinline,0.9437197396590338,1.3644960448230619,0.9972479885839886,1.125
871,DataflowConstProp;EarlyOtherwiseBranch;EnumSizeOpt;ForceInline;GVN;ReferencePropagation,cgp-gc-opts;copyprop;nofree-inference;postra-machine-licm,0.9494530739158676,2.3691898479944515,0.995938078085457,1.125
872,CopyProp;ForceInline;SingleUseConsts,cgp-gc-opts;nofree-inference,0.951697674207085,1.281937299646457,0.9979989626090607,1.125
873,DataflowConstProp;ForceInline;JumpThreading,nofree-inference,1.0038646214199176,1.3048080021783264,0.9993362847851498,1.125
874,DataflowConstProp,cgp-gc-opts;nofree-inference,0.9854116416189294,1.0032650191897083,0.9993112859821192,1.125
875,DataflowConstProp;DeadStoreElimination-initial;EnumSizeOpt;ForceInline;ImpossiblePredicates,cgp-gc-opts;cgp-select2branch;nofree-inference,0.9607583566763083,1.4896978403941166,0.9965611699149469,1.125
876,MatchBranchSimplification,cgp-gc-opts;nofree-inference,0.9923739433062272,1.0345215149867935,0.9993750557985887,1.125
877,DataflowConstProp;ForceInline;ImpossiblePredicates,ifcvt-triangle-rev;nofree-inference,0.9531897343452613,1.2903342688668133,0.9979352806006764,1.125
878,DataflowConstProp;EarlyOtherwiseBranch;EnumSizeOpt;ForceInline;GVN,cgp-gc-opts;last-run-tracking;nofree-inference,0.9615259389131661,1.6322214192246678,0.9967010774216029,1.125
879,CopyProp;DataflowConstProp;DestinationPropagation;EarlyOtherwiseBranch;EnumSizeOpt;ForceInline;ImpossiblePredicates;SingleUseConsts,cgp-gc-opts;nofree-inference,0.8967789597258469,1.9888231958074136,0.9946685610581367,1.125
880,CopyProp;DataflowConstProp;UnreachableEnumBranching,cgp-gc-opts;nofree-inference;vp,0.9444885494546116,1.1325581930846158,0.9980116998234948,1.125
881,DataflowConstProp;ForceInline,cgp-gc-opts;cgp-store-extract;nofree-inference;sample-loader-inlining,0.9634617514529012,1.1169219426412853,0.9986230462912364,1.125
882,CopyProp;ForceInline;UnreachableEnumBranching;UnreachablePropagation,block-placement;cgp-gc-opts;nofree-inference,0.9224290451934838,1.264873453604659,0.9922364198885288,1.125
883,DataflowConstProp;EnumSizeOpt;ForceInline;InstSimplify-after-simplifycfg,cgp-gc-opts;cgp-store-extract;nofree-inference;non-allocatable-phys-copy-opt,0.9510297833053822,1.4022817244702235,0.997527996442638,1.125
884,CopyProp;DataflowConstProp;DeadStoreElimination-initial;DestinationPropagation;ForceInline;ReferencePropagation;UnreachableEnumBranching,2addr-hack;cgp-gc-opts;nofree-inference,0.8956536505249304,1.6845122857483026,0.995011077446347,1.125
885,CopyProp;DataflowConstProp;EarlyOtherwiseBranch;EnumSizeOpt;ForceInline;Inline,cgp-gc-opts;complex-addr-modes;mergeicmps;nofree-inference;vp,0.9673423163661253,1.6527894468199167,1.0002855079465358,1.125
886,CopyProp;DataflowConstProp;DestinationPropagation;ForceInline,cgp-gc-opts;chr;nofree-inference,0.9415556028243774,1.3277004228176887,0.9974134542707735,1.125
887,DataflowConstProp;DeadStoreElimination-initial;EnumSizeOpt;ForceInline,cgp-gc-opts;nofree-inference;strictnode-mutation,0.9785547271293087,1.3332428927188023,0.9972479885839886,1.125
888,CopyProp;DataflowConstProp;DestinationPropagation;ForceInline,cgp-gc-opts;nofree-inference,0.9423505919913651,1.2853304815848512,0.9974134542707735,1.125
889,DataflowConstProp;DestinationPropagation;ForceInline,nofree-inference,0.9589462164043302,1.257947367883414,0.9980371718140919,1.125
890,DataflowConstProp;DeadStoreElimination-final;EnumSizeOpt;ForceInline,cgp-gc-opts;ifcvt-forked-diamond;nofree-inference,0.9390000913441908,1.423979110508244,0.9973625372534359,1.125
891,CopyProp;DataflowConstProp;EarlyOtherwiseBranch;ForceInline;GVN,bitcode-version-upgrade;complex-addr-modes;nofree-inference,0.9522383818581425,1.6793154052886357,0.9967646806708345,1.125
892,DeadStoreElimination-final,machine-cse;nofree-inference;partial-libcall-inlining;post-ra,1.0178743806272166,1.3187743921578075,1.0002673501183434,1.125
893,CopyProp;DataflowConstProp;DeadStoreElimination-initial;DestinationPropagation;EarlyOtherwiseBranch;EnumSizeOpt,cgp-gc-opts;nofree-inference,0.9182106834975823,1.6497001101561037,0.9960400621157444,1.125
894,CopyProp;DataflowConstProp;DestinationPropagation;EnumSizeOpt;ForceInline;Inline,2addr-hack;bitcode-version-upgrade;cgp-gc-opts;nofree-inference;sample-loader-inlining,0.9429259964160654,1.5072622144816743,1.0003876391229238,1.125
895,CopyProp;DataflowConstProp;ForceInline,branch-fold;cgp-gc-opts;dfa-sched;nofree-inference,0.9473566176733587,1.1366985448044213,0.9989663242114459,1.125
896,CopyProp;UnreachableEnumBranching,2addr-hack;cgp-gc-opts;machine-licm;nofree-inference,0.9715010617827285,1.050004927031608,0.9977314775295669,1.125
897,CopyProp;DataflowConstProp;EnumSizeOpt;ForceInline;InstSimplify-after-simplifycfg,cgp-gc-opts;nofree-inference,0.9378258737531191,1.4837892594772353,0.9969045971055156,1.125
898,SingleUseConsts,cgp-gc-opts;nofree-inference;preheader-prot,0.977120714359117,1.0846702557887666,0.999285795623197,1.125
899,CopyProp,cgp-gc-opts;loop-idiom-vectorize-bytecmp;nofree-inference,0.9913354662933791,1.0115545100550944,0.9993750557985887,1.125
900,DataflowConstProp;ForceInline,cgp-gc-opts;nofree-inference;peephole,0.9546659706901954,1.0729117544890423,1.0017562011037864,1.125
901,CopyProp;DataflowConstProp;DeadStoreElimination-final;DestinationPropagation;EarlyOtherwiseBranch;EnumSizeOpt;ForceInline,binop-extract-shuffle;cgp-gc-opts;ifcvt-diamond;loop-idiom-vectorize-bytecmp;nofree-inference;ssc,0.9194023878028328,1.765899004329319,0.9957477221734877,1.125
902,CopyProp;DataflowConstProp;DeadStoreElimination-final;DestinationPropagation;EnumSizeOpt;ForceInline;Inline,cgp-gc-opts;nofree-inference,0.9416704179241612,1.785726964227042,0.9998134882976073,1.125
903,CopyProp;DataflowConstProp;DestinationPropagation;ForceInline;Inline,cgp-gc-opts;nofree-inference;nounwind-inference,0.9433849660902595,1.4095636381105394,1.0014856613679504,1.125
904,CopyProp;DataflowConstProp;DestinationPropagation;EarlyOtherwiseBranch,,0.9432964676488973,1.3810193869929592,0.9974134542707735,1.125
905,DataflowConstProp;DestinationPropagation;EarlyOtherwiseBranch;EnumSizeOpt;ForceInline;ReferencePropagation;SingleUseConsts,cgp-gc-opts;nofree-inference,0.9099423800815818,1.838633195064324,0.9949348879855947,1.125
906,DataflowConstProp;ForceInline;InstSimplify-after-simplifycfg,nofree-inference,0.9688419732074892,1.3126913338818618,0.9982154814375702,1.125
907,CopyProp;DataflowConstProp;DestinationPropagation;EarlyOtherwiseBranch;EnumSizeOpt;ForceInline;SingleUseConsts,branch-fold;cgp-gc-opts;nofree-inference,0.9012494083208548,1.7955226337804637,0.9963188732725701,1.125
908,EnumSizeOpt;UnreachableEnumBranching,ifcvt-simple;nofree-inference,0.9610980360738396,1.1366315396473259,0.9986357914706965,1.125
909,DataflowConstProp;EnumSizeOpt;ForceInline,cgp-gc-opts;nofree-inference,0.9509339478297053,1.228745584091505,0.9979352806006764,1.125
910,GVN,cgp-gc-opts;nofree-inference,1.0347136835742712,1.1122564529063006,0.9994515795783534,1.125
911,EnumSizeOpt;UnreachablePropagation,cgp-gc-opts;nofree-inference,0.9756005935838465,1.1271995588126977,0.9986230462912364,1.125
912,CopyProp;DataflowConstProp;EarlyOtherwiseBranch;ForceInline,cgp-gc-opts;ifcvt-simple-false;ifcvt-triangle-false;mr-partial-inlining;nofree-inference,0.9292145943647612,1.3977924313753387,0.9973116267336811,1.125
913,DataflowConstProp;DeadStoreElimination-final;ImpossiblePredicates,cgp-gc-opts;loop-idiom-vectorize-bytecmp;nofree-inference,0.9419180866853109,1.2747302107339624,0.9980499082157692,1.125
914,CopyProp;EarlyOtherwiseBranch;EnumSizeOpt;ForceInline,2addr-hack;cgp-gc-opts;complex-addr-modes;early-taildup;nofree-inference,0.9192301106164776,1.6287938051749131,0.997566020251284,1.125
915,CopyProp;DataflowConstProp;DestinationPropagation;EnumSizeOpt;ForceInline,cgp-gc-opts;nofree-inference;vp;whole-program-visibility,0.922363422563775,1.3767067323290023,0.996726521643194,1.125
916,CopyProp;ForceInline;ImpossiblePredicates,cgp-gc-opts;nofree-inference,0.9565850931082142,1.229110903427646,0.9979989626090607,1.125
917,DataflowConstProp;ForceInline,cgp-gc-opts;interleaved-load-combine;nofree-inference;peephole,0.9675582311238861,1.105211350434466,1.0017562011037864,1.125
918,CopyProp;DataflowConstProp;DeadStoreElimination-final;DeadStoreElimination-initial;DestinationPropagation;EarlyOtherwiseBranch;EnumSizeOpt;ForceInline;SingleUseConsts,cgp-gc-opts;nofree-inference;peephole;phi-elim-edge-splitting,0.8777590649069708,2.3709965841799114,0.9979288832166271,1.125
919,CopyProp;InstSimplify-after-simplifycfg;InstSimplify-before-inline,ifcvt-diamond;nofree-inference,0.9843357564331267,1.2227463784256125,0.998279181326625,1.125
920,CopyProp;DataflowConstProp;EarlyOtherwiseBranch;ForceInline;MatchBranchSimplification,cgp-gc-opts;nofree-inference,0.9155861418025127,1.4667036155188884,0.9966883626155535,1.125
921,CopyProp;DataflowConstProp;DeadStoreElimination-initial;ForceInline;JumpThreading;MatchBranchSimplification,nofree-inference,0.957777766778423,1.7349836510418826,0.9974002193159303,1.125
922,CopyProp;DataflowConstProp;DestinationPropagation;ForceInline;Inline,binop-extract-shuffle;cgp-gc-opts;nofree-inference;partial-inlining;postra-machine-sink,1.056733740120811,1.391769583935442,1.001204771956432,1.125
923,CopyProp;DestinationPropagation;EarlyOtherwiseBranch;EnumSizeOpt;ForceInline;SingleUseConsts,cgp-gc-opts;nofree-inference;ondemand-mds-loading,0.9221479285500638,1.6739843732617008,0.9960400621157444,1.125
924,CopyProp;DataflowConstProp;ForceInline;InstSimplify-after-simplifycfg,cgp-gc-opts;nofree-inference,0.9513722139815153,1.341266119257071,0.9975916524606866,1.125
925,DataflowConstProp,early-taildup;mr-partial-inlining;nofree-inference,0.976790064806346,1.1403490516433499,0.9995661895713353,1.125
926,ForceInline,cgp-gc-opts;chr;nofree-inference;separate-const-offset-from-gep,0.9814804765112799,1.094229971993417,0.9993112859821192,1.125
927,CopyProp;DataflowConstProp;EnumSizeOpt;Inline;UnreachablePropagation,cgp-gc-opts;nofree-inference;whole-program-visibility,0.9505231509799198,1.325619212864992,1.0009748933871587,1.125
928,CopyProp;DataflowConstProp;ForceInline;MatchBranchSimplification,nofree-inference,0.9307291640034248,1.3638252860272368,0.9973752689443635,1.125
929,CopyProp;DataflowConstProp;DeadStoreElimination-final;DestinationPropagation;EarlyOtherwiseBranch;EnumSizeOpt;ForceInline;UnreachableEnumBranching,cgp-gc-opts;machine-dce;nofree-inference;ra-fsprofile-loader;replace-with-vec-lib,0.9336105096290485,2.3598839146057524,0.9952268875138278,1.125
930,CopyProp;DataflowConstProp,cgp-gc-opts;nofree-inference;ondemand-mds-loading,0.9620244809705416,1.0433397583862851,0.9986867721885394,1.125
931,CopyProp;ForceInline;ReferencePropagation,cgp-gc-opts;nofree-inference;partial-inlining;preinline,0.9616306632664465,1.2138554787249947,0.9976423206048862,1.125
932,DataflowConstProp;ForceInline;UnreachablePropagation,constant-hoisting;nofree-inference,0.9432737420609069,1.248463262148789,0.9980625569000631,1.125
933,CopyProp;DataflowConstProp;EarlyOtherwiseBranch;EnumSizeOpt;ForceInline,cgp-gc-opts;lsr;nofree-inference,0.910898299082009,1.4120789741974225,0.9951248761881488,1.125
934,CopyProp;DataflowConstProp;DeadStoreElimination-final;DestinationPropagation;EnumSizeOpt,cgp-gc-opts;copyprop;nofree-inference;preinline,0.938026255150358,2.0521495792245785,0.9970952838875945,1.125
935,,nofree-inference;postra-machine-licm,0.9927921579133134,0.9987595484019282,1.0000255079265885,1.125
936,CopyProp,cgp-gc-opts;lsr;nofree-inference;whole-program-visibility,0.9803393775871603,0.9370484064465435,0.9978710286507029,1.125
937,DataflowConstProp;EarlyOtherwiseBranch;EnumSizeOpt;ForceInline;UnreachableEnumBranching,cgp-gc-opts;machine-cse;nofree-inference;postra-machine-licm,0.919036833878222,1.598150754382953,0.9974382083194353,1.125
938,CopyProp;DestinationPropagation;ForceInline;MatchBranchSimplification,cgp-gc-opts;nofree-inference,0.9490086512627868,1.3253746633584467,0.9974771029794546,1.125
939,CopyProp;DataflowConstProp;ForceInline;ScalarReplacementOfAggregates,cgp-gc-opts;machine-cse;nofree-inference,0.946984252050411,1.480566201761433,0.9984568650965743,1.125
940,DataflowConstProp;EnumSizeOpt;ForceInline;ScalarReplacementOfAggregates,cgp-gc-opts;partial-inlining,0.9400071089918594,1.3819313417393833,0.9975534517025167,1.139
941,CopyProp;DataflowConstProp;EarlyOtherwiseBranch;EnumSizeOpt,cgp-gc-opts;nofree-inference,0.9323664947126125,1.3450935669695736,0.9973116267336811,1.139
942,EnumSizeOpt;ForceInline;MatchBranchSimplification,cgp-gc-opts;nofree-inference,0.9576526517193883,1.2670268761232577,0.9979989626090607,1.139
943,DataflowConstProp;DeadStoreElimination-final;EnumSizeOpt;ForceInline,cgp-gc-opts;nofree-inference,0.9361656276222297,1.4430599124652508,0.9973625372534359,1.139
944,CopyProp;DataflowConstProp;ForceInline;InstSimplify-before-inline;ScalarReplacementOfAggregates,memop-opt;nofree-inference,0.9905517606007468,1.574165856098298,0.9969300364572772,1.139
945,CopyProp;DataflowConstProp;DeadStoreElimination-initial;DestinationPropagation;EarlyOtherwiseBranch;EnumSizeOpt;ForceInline,cgp-gc-opts;cgp-select2branch;demotion;nofree-inference,0.937476064023997,2.0448101735440796,0.9953540753625941,1.139
946,CopyProp;ForceInline;ImpossiblePredicates,cgp-gc-opts;lftr;nofree-inference;non-allocatable-phys-copy-opt;thinlto-funcattrs,1.0746724154321934,1.2167280458178282,0.9970697863330849,1.139
947,DataflowConstProp;EarlyOtherwiseBranch;EnumSizeOpt;ForceInline,cgp-gc-opts;nofree-inference;ssc,0.923918562026228,1.3702230699458309,0.9975278035973016,1.139
948,DataflowConstProp;DestinationPropagation,bitcode-version-upgrade;cgp-gc-opts;chr;i2p-p2i-opt;nofree-inference,0.9773035294549547,1.1468338296942135,0.9990944010875151,1.139
949,DataflowConstProp;DeadStoreElimination-final;JumpThreading,cgp-gc-opts;nofree-inference;promote-alloca-to-vector,1.0893126855737818,1.3984403579302762,0.9994510733262781,1.139
950,CopyProp;DeadStoreElimination-initial;Inline,nofree-inference;ondemand-mds-loading,0.9715110663144952,1.2611026355036412,1.0023550899457578,1.139
951,,cgp-gc-opts;nofree-inference;vp,0.9968863521594271,0.947789239093151,1.0000000000000002,1.139
952,DataflowConstProp;EnumSizeOpt;MatchBranchSimplification,cgp-gc-opts;machine-cse;nofree-inference;non-allocatable-phys-copy-opt,0.9598029241054522,1.3351752148565177,0.9988390397900798,1.139
953,CopyProp;DestinationPropagation;EarlyOtherwiseBranch;EnumSizeOpt;ForceInline;GVN;SingleUseConsts;UnreachablePropagation,cgp-gc-opts;nofree-inference;vp,0.9243198541586278,2.1676114035840452,0.9948082028608957,1.139
954,CopyProp;DataflowConstProp;DeadStoreElimination-final;DeadStoreElimination-initial;DestinationPropagation;EarlyOtherwiseBranch;EnumSizeOpt;ForceInline;SingleUseConsts,cgp-gc-opts;ifcvt-diamond;nofree-inference,0.8911510636292048,2.3425783521200554,0.9940976925738475,1.139
955,DataflowConstProp;ForceInline,cgdata-for-merging;nofree-inference,0.9618831042265193,1.1515436571749118,0.9986230462912364,1.139
956,CopyProp;DataflowConstProp;DestinationPropagation;EarlyOtherwiseBranch;ForceInline;SingleUseConsts,cgp-gc-opts;ifcvt-triangle;loop-idiom-vectorize-all;nofree-inference,0.9549996992237164,1.6119413626920176,0.9960400621157444,1.139
957,CopyProp;DataflowConstProp;DeadStoreElimination-final;EarlyOtherwiseBranch;EnumSizeOpt;ForceInline;UnreachableEnumBranching,cgp-gc-opts;cgp-store-extract;nofree-inference,0.878650527861,1.8468707964244946,0.9953794811445751,1.139
958,CopyProp;DataflowConstProp;EnumSizeOpt;GVN;InstSimplify-before-inline;UnreachableEnumBranching,cgp-gc-opts;ifcvt-simple-false;nofree-inference,0.9679882574005837,1.5968776715765507,0.9960909075628771,1.139
959,CopyProp;DataflowConstProp;DeadStoreElimination-final;DestinationPropagation;EarlyOtherwiseBranch;EnumSizeOpt;ForceInline,cgp-gc-opts;nofree-inference;peephole,0.8878146971953551,1.8218356346617308,0.9985916636972457,1.139
960,CopyProp;ForceInline,cgp-gc-opts;nofree-inference;preinline;replace-with-vec-lib,0.9739638870688421,1.1088343347892984,0.9986867721885394,1.139
961,DataflowConstProp;DestinationPropagation;ForceInline;UnreachablePropagation,copyprop;nofree-inference;preheader-prot,0.9302308874729069,1.8264189329038227,0.9975787660657369,1.139
962,DataflowConstProp;ForceInline;SingleUseConsts,loop-level-heuristics;nofree-inference;ssc,0.9517359435341873,1.294226504366746,0.9982152884593269,1.139
963,CopyProp,advanced-peeling;cgp-gc-opts;nofree-inference,0.9829895180581217,1.0650688366793135,0.998979930022449,1.139
964,CopyProp;ReferencePropagation,cfi-fixup;cgp-gc-opts;nofree-inference,0.9694263046658671,1.1006148119717272,0.9983298843907359,1.139
965,DataflowConstProp;DeadStoreElimination-final;DestinationPropagation;EarlyOtherwiseBranch;EnumSizeOpt;ForceInline;ImpossiblePredicates,cgp-gc-opts;vector-combine,0.8870032138867718,2.230046646414062,0.995404885953746,1.139
966,CopyProp;DataflowConstProp;EnumSizeOpt;ReferencePropagation,cgp;cgp-gc-opts;i2p-p2i-opt,0.975867464918057,1.374158375581209,0.998214357466481,1.139
967,DataflowConstProp;ForceInline;JumpThreading,cgp-gc-opts;nofree-inference,1.0322915486720927,1.2424382502378433,0.9993362847851498,1.139
968,CopyProp;DataflowConstProp;Inline;MatchBranchSimplification,cgp-gc-opts;nofree-inference,0.9820894444031416,1.2543493155277357,1.001728673944541,1.139
969,ForceInline;ReferencePropagation,cgp-gc-opts;nofree-inference,0.9706263811536681,1.1362921109435842,0.9982661812663339,1.139
970,DataflowConstProp;ForceInline;ImpossiblePredicates,i2p-p2i-opt;nofree-inference,0.945836266851472,1.3357009380233504,0.9983043818688968,1.139
971,CopyProp;DataflowConstProp;DestinationPropagation;ForceInline;UnreachableEnumBranching,cgp-gc-opts;cgp-store-extract;cleanups;early-taildup;nofree-inference,0.9463366110089558,1.4375762331457955,0.9969934901320611,1.139
972,DataflowConstProp;EarlyOtherwiseBranch;EnumSizeOpt;ForceInline;ReferencePropagation;UnreachablePropagation,cgp-gc-opts;machine-licm;nofree-inference,0.9039131564682008,1.556365252655722,0.9945539836245028,1.139
973,CopyProp;DataflowConstProp;DestinationPropagation;EarlyOtherwiseBranch;EnumSizeOpt;ForceInline,auto-upgrade-debug-info;cgp-gc-opts;copyprop;nofree-inference,0.9052921146320771,2.184037863088795,0.9962941312835782,1.139
974,CopyProp;DataflowConstProp;DeadStoreElimination-final;DestinationPropagation;EarlyOtherwiseBranch;EnumSizeOpt;ForceInline;ImpossiblePredicates,cgp-gc-opts;cgp-select2branch;nofree-inference,0.9156826950571942,2.010571731489062,0.9947828134422124,1.139
975,CopyProp;DataflowConstProp;DeadStoreElimination-final;EarlyOtherwiseBranch;EnumSizeOpt;ForceInline,cgp-gc-opts;nofree-inference;nounwind-inference,0.8947017826692248,1.79354885798082,0.9964592888876048,1.139
976,CopyProp;DataflowConstProp;ForceInline,cgp-gc-opts;ifcvt-diamond;nofree-inference,0.9494556258300589,1.1453397637569476,0.9979989626090607,1.139
977,CopyProp;DataflowConstProp;DestinationPropagation;EarlyOtherwiseBranch;ForceInline,branch-fold;cgp-gc-opts;icp;licm-promotion;nofree-inference,0.9034844915448891,1.8027479815797993,0.9955422033784643,1.139
978,ForceInline;ImpossiblePredicates,cgp-gc-opts;cgp-store-extract;loop-idiom-vectorize-bytecmp;nofree-inference;vector-combine,0.923941498598724,1.3230547725068935,0.9986230462912364,1.139
979,CopyProp;DataflowConstProp;DestinationPropagation;EnumSizeOpt;ForceInline,advanced-peeling;cfi-fixup;cgp-gc-opts;last-run-tracking;layout-fsprofile-loader;nofree-inference,0.9334899782905527,1.5066063274372048,0.9963324430255837,1.139
980,CopyProp;GVN,cgp-gc-opts;nofree-inference;post-ra,1.0165625750887428,1.2271072194696822,0.9988269781091044,1.139
981,CopyProp;DataflowConstProp;EarlyOtherwiseBranch;ForceInline;SingleUseConsts,cgp-gc-opts;nofree-inference,0.9163561779126315,1.5298767824005917,0.9966247642361538,1.139
982,CopyProp;DataflowConstProp;DestinationPropagation;EarlyOtherwiseBranch;EnumSizeOpt;ForceInline;ImpossiblePredicates;SingleUseConsts,cgp-gc-opts;nofree-inference,0.8967789597258469,1.9888231958074136,0.9946685610581367,1.139
983,EarlyOtherwiseBranch,nofree-inference,0.9830597944652348,1.126182160465322,0.9993112859821192,1.139
984,DataflowConstProp;ForceInline;UnreachablePropagation,cgp-gc-opts;nofree-inference;ssc,0.9494406533104256,1.1769030886040188,0.9982152884593269,1.139
985,ForceInline,cgp-gc-opts;licm-promotion;nofree-inference;nounwind-inference,0.9715590514151086,1.063049364348653,0.9975643173172036,1.139
986,CopyProp;DataflowConstProp;EnumSizeOpt;Inline;JumpThreading;ScalarReplacementOfAggregates,cgp-gc-opts;nofree-inference;peephole,1.0166069192895462,1.5669091398123105,1.0051403746614112,1.139
987,CopyProp;DestinationPropagation;EarlyOtherwiseBranch;EnumSizeOpt;ForceInline,cgp-gc-opts;ifcvt-forked-diamond;nofree-inference;tail-duplicate,0.9262736944860721,1.5156185252576484,0.9966248239354231,1.139
988,DataflowConstProp;EarlyOtherwiseBranch;EnumSizeOpt;ForceInline;MatchBranchSimplification;ReferencePropagation,bitcode-version-upgrade;cgp-delete-phis;cgp-gc-opts;nofree-inference,0.9538006479735268,1.5525849215179148,0.995582469151947,1.139
989,CopyProp;DataflowConstProp;DestinationPropagation;EarlyOtherwiseBranch;EnumSizeOpt;ForceInline;SingleUseConsts,cgp-gc-opts;mr-partial-inlining;nofree-inference;partial-inlining;thinlto-funcattrs,0.9062012905092979,1.7566229733895629,0.9953540753625941,1.139
990,DataflowConstProp;JumpThreading,early-ifcvt;nofree-inference;tail-calls,1.0234365682603122,1.1804639054835118,1.000025016031923,1.139
991,CopyProp;DataflowConstProp;Inline,cgdata-for-merging;cgp-gc-opts;nofree-inference,1.0123800315998681,1.1364865513738882,1.0023550899457578,1.139
992,CopyProp;DataflowConstProp;DeadStoreElimination-final;DestinationPropagation;EarlyOtherwiseBranch;EnumSizeOpt;ForceInline,cgp-gc-opts;machine-licm;nofree-inference,0.9004977132973551,1.8233177852869202,0.9945034977568431,1.139
993,CopyProp;DestinationPropagation;EarlyOtherwiseBranch;ForceInline;ReferencePropagation,cgp-gc-opts;nofree-inference,0.9297915150298225,1.4850993897202203,0.9963703343548193,1.139
994,DataflowConstProp;EarlyOtherwiseBranch;EnumSizeOpt;ForceInline;ImpossiblePredicates,cgdata-for-merging;cgp-gc-opts;ifcvt-simple-false;nofree-inference;strictnode-mutation,0.9984994681618987,1.4638340293926717,0.9965611699149469,1.139
995,DataflowConstProp,cgdata-for-merging;cgp-gc-opts;nofree-inference,0.9864657248297257,0.990420402130199,0.9993112859821192,1.139
996,CopyProp;DataflowConstProp;EarlyOtherwiseBranch;ForceInline;ImpossiblePredicates,cgp-gc-opts;gep-const-evaluation;nofree-inference,1.0063300208601587,1.5501692250010168,0.9966247642361538,1.139
997,CopyProp,nofree-inference;partial-inlining,0.978967070701361,1.0538003408769947,0.9993750557985887,1.139
998,CopyProp;DestinationPropagation;EnumSizeOpt;ForceInline;Inline,cgp-gc-opts;nofree-inference;post-ra,0.9463907119090745,1.4794894061877664,1.0010770949511962,1.139
999,CopyProp;UnreachableEnumBranching,nofree-inference,0.9614324237840594,1.1276328689232613,0.9986995181813174,1.139
1000,CopyProp;DataflowConstProp;DeadStoreElimination-final;DeadStoreElimination-initial;DestinationPropagation;EarlyOtherwiseBranch;EnumSizeOpt;ScalarReplacementOfAggregates;SingleUseConsts,cgp-gc-opts;chr;nofree-inference;ondemand-mds-loading,0.8837270677601995,2.5099644420495477,0.9944021907375654,1.139
1001,DataflowConstProp;EnumSizeOpt;ForceInline,auto-upgrade-debug-info;cgp-gc-opts;mergeicmps;strictnode-mutation,1.009917709594683,1.1894334986433133,0.9979352806006764,1.139
1002,CopyProp;DataflowConstProp;DestinationPropagation;EarlyOtherwiseBranch;ForceInline,cgp-gc-opts;demotion;nofree-inference;phi-elim-edge-splitting;sample-loader-inlining,0.9393233028029011,1.678706974571164,0.9974384055975857,1.139
1003,DataflowConstProp;EarlyOtherwiseBranch;ForceInline;GVN;ReferencePropagation,cgp-gc-opts;nofree-inference,0.9635752108415917,1.588558352479837,0.9963448992259009,1.139
1004,CopyProp;DataflowConstProp;DestinationPropagation;EnumSizeOpt;ForceInline;GVN;Inline,block-placement;cgp-gc-opts;nofree-inference;whole-program-visibility,0.9623777870886076,1.712991409276375,0.9947382421184819,1.139
1005,CopyProp;DataflowConstProp;ForceInline,cgp-gc-opts;loop-idiom-vectorize-bytecmp;nofree-inference;promote-alloca-to-vector,0.9974383701591638,1.2555914331231894,0.9979989626090607,1.139
1006,CopyProp;ForceInline;ImpossiblePredicates,auto-upgrade-debug-info;cgp-branch-opts;cgp-gc-opts;nofree-inference;sample-loader-inlining,1.0515567874841256,1.2146079777644565,0.9979989626090607,1.139
1007,CopyProp;DataflowConstProp;ForceInline,nofree-inference;ssc,0.9333540020305886,1.2358749131013256,0.9982789883360672,1.139
1008,CopyProp;DataflowConstProp;DestinationPropagation;EarlyOtherwiseBranch;EnumSizeOpt;ScalarReplacementOfAggregates,cgp-gc-opts;nofree-inference;ssc,0.9176553742188959,1.6308314866515332,0.9966247169288952,1.139
1009,CopyProp;DataflowConstProp;DestinationPropagation;EnumSizeOpt;ForceInline;InstSimplify-before-inline,bitcode-version-upgrade;cgp-gc-opts;nofree-inference;whole-program-visibility,1.0081436487633786,1.4231668282170529,0.9960400621157444,1.139
1010,CopyProp;DataflowConstProp;ForceInline,cgp-gc-opts;nofree-inference;tail-calls,0.9399088914460074,1.2344467242355448,0.9979989626090607,1.139
1011,DataflowConstProp;EarlyOtherwiseBranch;ForceInline,cgp;cgp-gc-opts;nofree-inference;post-ra,1.0015614518725708,1.306323434108442,0.9988262146963829,1.139
1012,CopyProp;DataflowConstProp;EnumSizeOpt;ForceInline;ReferencePropagation,advanced-peeling;cgdata-for-merging;nofree-inference,0.9163290177582648,1.5447331565354778,0.995874715738427,1.139
1013,CopyProp;DataflowConstProp,cgp-gc-opts;nofree-inference;preinline,0.9729582877672099,1.0882074179957744,0.9986867721885394,1.139
1014,CopyProp;DataflowConstProp;DeadStoreElimination-final;DeadStoreElimination-initial;DestinationPropagation;EarlyOtherwiseBranch;EnumSizeOpt,bitcode-version-upgrade;cgp-gc-opts;cleanups;nofree-inference,0.9265280815960955,1.821158244737014,0.9954684064881186,1.139
1015,CopyProp,nofree-inference;post-ra,0.9716155822789748,1.1000965385372943,0.9993750557985887,1.139
1016,DataflowConstProp;EarlyOtherwiseBranch;EnumSizeOpt;ForceInline;JumpThreading;ScalarReplacementOfAggregates,cgp-gc-opts;nofree-inference;ssc,0.982045708832988,1.7452519242694604,0.9978583142558664,1.139
1017,DataflowConstProp;ForceInline,nofree-inference;sample-loader-inlining,0.9652158913792435,1.1706104519544607,0.9986230462912364,1.139
1018,CopyProp;DataflowConstProp;DeadStoreElimination-final;DeadStoreElimination-initial;DestinationPropagation;EarlyOtherwiseBranch;EnumSizeOpt;ForceInline;GVN;InstSimplify-before-inline;SingleUseConsts;UnreachablePropagation,cgp-gc-opts;nofree-inference,0.9071589818585986,3.23848328971087,0.9921844332858736,1.139
1019,CopyProp;DataflowConstProp;EarlyOtherwiseBranch;ForceInline;SingleUseConsts,advanced-peeling;cgp-gc-opts;nofree-inference;nounwind-inference;postra-machine-licm,0.9234010095194016,1.642803388697714,0.9966627364856283,1.139
1020,DataflowConstProp;JumpThreading,nofree-inference,1.0254493947421517,1.1785759649908385,1.000025016031923,1.139
1021,DataflowConstProp;ForceInline;SingleUseConsts,cgp-gc-opts;nofree-inference;phi-elim-edge-splitting,0.9639655674420665,1.2710419972771012,0.998648027877241,1.139
1022,CopyProp;DataflowConstProp;DeadStoreElimination-final;DestinationPropagation;EarlyOtherwiseBranch;EnumSizeOpt;ForceInline;JumpThreading,cgp-gc-opts;nofree-inference,0.9596435448218876,2.109696597767295,0.9961793918690578,1.139
1023,CopyProp;DataflowConstProp;EarlyOtherwiseBranch;ForceInline;MatchBranchSimplification,cgp-gc-opts;nofree-inference;postra-machine-sink,0.9231234863929966,1.5171917659392433,0.996815479883478,1.139
1024,DataflowConstProp,ifcvt-triangle-rev;nofree-inference,0.9765453588549934,1.0695884816291084,0.9993112859821192,1.139
1025,CopyProp;DeadStoreElimination-final,bitcode-version-upgrade;mergeicmps;nofree-inference;vector-combine,0.9880967842410211,1.4264996704442667,0.9988014861235471,1.139
1026,MatchBranchSimplification,copyprop;nofree-inference;thinlto-funcattrs,0.9969564244197303,1.452750669268607,0.9996299756541628,1.139
1027,CopyProp;DataflowConstProp;DeadStoreElimination-final,cgp-gc-opts;nofree-inference,0.9495496248505018,1.2643351053696428,0.9981135975389733,1.139
1028,CopyProp;DataflowConstProp;DeadStoreElimination-final;DestinationPropagation;EarlyOtherwiseBranch;EnumSizeOpt;ForceInline;GVN,cgp-gc-opts;nofree-inference,0.9246010931096811,2.209395177598876,0.9949224712848963,1.139
1029,,expand-reductions;nofree-inference;promote-alloca-to-vector,1.0285421831035497,1.049392162248921,1.0000510158531772,1.139
1030,CopyProp;DataflowConstProp;EarlyOtherwiseBranch;ForceInline;GVN;JumpThreading,cgp-gc-opts;nofree-inference,1.0215692640095322,1.7639159262354078,0.997476591879241,1.139
1031,CopyProp;DataflowConstProp;DestinationPropagation;ForceInline,cgp;cgp-gc-opts;nofree-inference,1.0074640582247023,1.301823053617516,0.99830392249171,1.139
1032,CopyProp;DataflowConstProp;DeadStoreElimination-final;DeadStoreElimination-initial;DestinationPropagation;EarlyOtherwiseBranch;EnumSizeOpt;ForceInline;SingleUseConsts,cgp-gc-opts;nofree-inference;vector-combine,0.8840610059953703,2.8303070430097708,0.9940976925738475,1.139
1033,DataflowConstProp,interleaved-load-combine;nofree-inference,0.9929669209930906,1.0853474776786647,0.9993112859821192,1.139
1034,DataflowConstProp;EarlyOtherwiseBranch;EnumSizeOpt;ForceInline;MatchBranchSimplification,gep-const-evaluation;nofree-inference;ra-fsprofile-loader,0.9871193467339757,1.6150428612047072,0.9966247642361538,1.139
1035,DataflowConstProp;EarlyOtherwiseBranch;EnumSizeOpt;ForceInline;SingleUseConsts,cgp-gc-opts;nofree-inference,0.9228655221322238,1.5772102402555113,0.9965611699149469,1.139
1036,DataflowConstProp;EarlyOtherwiseBranch;EnumSizeOpt;ForceInline;ScalarReplacementOfAggregates;UnreachableEnumBranching,cgp-delete-phis;cgp-gc-opts;nofree-inference,0.9155084724214605,1.6198974164473987,0.9961925807752677,1.139
1037,,cgp-ext-ld-promotion;cgp-gc-opts;machine-sink;nofree-inference,0.9974262116068026,0.9672217275062658,0.9996683878451937,1.139
1038,CopyProp;DataflowConstProp;ForceInline;InstSimplify-before-inline,nofree-inference,0.9567048029175782,1.3227203707274786,0.9973116267336811,1.139
1039,CopyProp;DataflowConstProp;DeadStoreElimination-final;DestinationPropagation;EarlyOtherwiseBranch;EnumSizeOpt;ForceInline,cgp-gc-opts;copyprop;nofree-inference;peephole,0.879170045208114,2.452115322388199,0.9988463837257376,1.139
1040,CopyProp;DataflowConstProp;DestinationPropagation;JumpThreading,cgp-gc-opts;nofree-inference,1.030090445943906,1.2986612665840567,0.9988137258617752,1.139
1041,CopyProp;SingleUseConsts,cgp-gc-opts;nofree-inference,0.9721607706552906,1.1579178603030098,0.9986867721885394,1.139
1042,CopyProp;DataflowConstProp;ForceInline;InstSimplify-before-inline,cgp-gc-opts;nofree-inference,0.9619422548085709,1.2594944085390416,0.9973116267336811,1.139
1043,DataflowConstProp;ForceInline;JumpThreading,cgp-gc-opts;complex-addr-modes;dfa-sched;nofree-inference;ra-fsprofile-loader,1.1129181493089455,1.2036878155919435,0.9993362847851498,1.139
1044,CopyProp;DataflowConstProp;EnumSizeOpt,cgp-gc-opts;complex-addr-modes;machine-cse;nofree-inference;tail-duplicate,0.9447185322891287,1.3634904916752721,0.9987371265384778,1.139
1045,DataflowConstProp,dfa-sched;nofree-inference,0.986337122538165,1.021439729939695,0.9993112859821192,1.139
1046,CopyProp;DataflowConstProp;EnumSizeOpt;ForceInline;UnreachableEnumBranching,cgp-gc-opts;nofree-inference,0.914613835727935,1.3895573492699045,0.9966374839120332,1.139
1047,DataflowConstProp;DestinationPropagation,cgp-gc-opts;nofree-inference,0.9834537796551723,1.0819361734094228,0.998725007726922,1.139
1048,CopyProp;DataflowConstProp;DeadStoreElimination-final;DestinationPropagation;EarlyOtherwiseBranch;EnumSizeOpt;ForceInline,cgp-gc-opts;chr;mergeicmps;nofree-inference,0.9100023779270117,1.9506747243059201,0.9954684064881186,1.139
1049,CopyProp;DataflowConstProp;ReferencePropagation,cgp-gc-opts;nofree-inference,0.9529158112933932,1.1637490559939574,0.9976423206048862,1.139
1050,CopyProp;EnumSizeOpt,cgp-gc-opts;nofree-inference;postra-machine-sink,0.9690812226572093,1.1658990285984048,0.9988141443328874,1.139
1051,DataflowConstProp,cgp-gc-opts;copyprop;nofree-inference;post-ra,0.9767069086560626,1.3883559035621904,0.9995661895713353,1.139
1052,DestinationPropagation,chr;lsr;machine-licm;nofree-inference,0.9989343811963108,1.0182499937062626,0.9969419583303515,1.139
1053,CopyProp;DataflowConstProp,nofree-inference,0.960715299946389,1.1306068244408514,0.9986867721885394,1.139
1054,DataflowConstProp;EnumSizeOpt;ForceInline;SingleUseConsts;UnreachablePropagation,cgp-gc-opts;constant-hoisting;global-outlining;nofree-inference,0.9293182366298356,1.5188592006624386,0.9966882709607611,1.139
1055,CopyProp;DataflowConstProp;DestinationPropagation;EarlyOtherwiseBranch;EnumSizeOpt;ForceInline;MatchBranchSimplification,bitcode-version-upgrade;cgp-gc-opts;complex-addr-modes;ifcvt-triangle;nofree-inference,0.9296107244259466,1.701843652767922,0.9954175926545517,1.139
1056,DataflowConstProp;DeadStoreElimination-initial;MatchBranchSimplification,cgp-gc-opts;global-outlining,0.9707192315085431,1.2669841237897597,0.9979989626090607,1.139
1057,CopyProp;DataflowConstProp;EarlyOtherwiseBranch;ForceInline;ScalarReplacementOfAggregates,cgp-gc-opts;icp;nofree-inference;strictnode-mutation,0.9529375923441462,1.8719820488389407,0.9969300364572772,1.139
1058,DataflowConstProp;EarlyOtherwiseBranch;EnumSizeOpt;ForceInline,2addr-hack;cgp-gc-opts;constant-hoisting;nofree-inference;separate-const-offset-from-gep,0.931333477188663,1.410880848002308,0.9973751772264036,1.139
1059,ForceInline,cgp-gc-opts;machine-licm;nofree-inference,0.9847139290304238,1.0162087542757148,0.9983426523430988,1.139
1060,CopyProp;DataflowConstProp;ForceInline,2addr-hack;nofree-inference,0.9331142340490841,1.2661453514409726,0.9979989626090607,1.139
1061,ForceInline;Inline,adv-copy-opt;cgp-gc-opts;early-taildup;nofree-inference;ra-fsprofile-loader,0.9683837860347552,1.2186934426298206,1.0032377375529755,1.139
1062,DataflowConstProp;UnreachableEnumBranching,cgp-gc-opts;chr;nofree-inference;preheader-prot,0.9452980736383475,1.0978308741746572,0.9986103183422389,1.139
1063,DataflowConstProp;ForceInline,nofree-inference;partial-inlining;promote-alloca-to-vector;sample-loader-inlining,1.0002304323587865,1.2232892277954337,0.9986230462912364,1.139
1064,CopyProp;DataflowConstProp;DeadStoreElimination-final;DestinationPropagation;EarlyOtherwiseBranch;EnumSizeOpt;ForceInline,cgp-gc-opts;cleanups;dfa-sched;ifcvt-triangle-rev;layout-fsprofile-loader;nofree-inference,0.9155826750339602,1.8049058424842386,0.9954684064881186,1.139
1065,CopyProp;DataflowConstProp;ForceInline,cgp-delete-phis;cgp-gc-opts;nofree-inference,0.9441555495876187,1.1593427396622626,0.9979989626090607,1.139
1066,CopyProp;ImpossiblePredicates,machine-licm;nofree-inference,0.9511883562334067,1.127161940135995,0.9977187438914953,1.139
1067,CopyProp;DestinationPropagation,last-run-tracking;machine-sink;nofree-inference,0.947618816320607,1.1560902202797663,0.9984320617127234,1.139
1068,CopyProp;DataflowConstProp;EnumSizeOpt;Inline,cgp-gc-opts;chr;nofree-inference,0.983074398207591,1.3155366392448102,1.001664753944418,1.139
1069,CopyProp;GVN,nofree-inference,1.0105126581497483,1.2534322558159994,0.9988269781091044,1.139
1070,ForceInline;InstSimplify-before-inline;UnreachablePropagation,nofree-inference,0.9797211056977682,1.2519061675420846,0.9979352806006764,1.139
1071,CopyProp;DataflowConstProp;DestinationPropagation;EarlyOtherwiseBranch;EnumSizeOpt;ForceInline;InstSimplify-before-inline;SingleUseConsts,cgp-gc-opts;nofree-inference,0.9184279332011036,1.9287107534098875,0.9946685610581367,1.139
1072,CopyProp;DataflowConstProp;DeadStoreElimination-final;DestinationPropagation;EarlyOtherwiseBranch;EnumSizeOpt;ForceInline;InstSimplify-after-simplifycfg,cgp-gc-opts;nofree-inference;vector-combine,0.8996129756574542,2.464228287480432,0.9950621291275805,1.139
1073,CopyProp,ifcvt-simple;nofree-inference,0.9751651437328601,1.046155391085576,0.9993750557985887,1.139
1074,DataflowConstProp;EarlyOtherwiseBranch;EnumSizeOpt;ForceInline,cgp;cgp-gc-opts;global-outlining;nofree-inference,0.98444093179175,1.4283631150784748,0.9981383090808943,1.139
1075,DataflowConstProp;ForceInline;UnreachableEnumBranching,cgp-gc-opts;ifcvt-simple;nofree-inference,0.9423528447828272,1.1444950387026995,0.9979480170023527,1.139
1076,CopyProp;DataflowConstProp;DeadStoreElimination-final;DestinationPropagation;EarlyOtherwiseBranch;EnumSizeOpt;ForceInline;SingleUseConsts,cgp;cgp-gc-opts;nofree-inference,0.941395054431914,2.1709970693036276,0.9956709330863892,1.139
1077,CopyProp;DataflowConstProp;EarlyOtherwiseBranch;ForceInline,cgp-gc-opts;nofree-inference,0.9259250359462505,1.3461214920795797,0.9973116267336811,1.139
1078,DataflowConstProp;ScalarReplacementOfAggregates,cgp-gc-opts;loop-level-heuristics;nofree-inference,0.9462784140787741,1.1295361112950648,0.9989289305982957,1.139
1079,CopyProp;DataflowConstProp;InstSimplify-after-simplifycfg;UnreachablePropagation,cgp-gc-opts;nofree-inference,0.9583803199374761,1.3001337779226758,0.9975916524606866,1.139
1080,CopyProp;DataflowConstProp;DestinationPropagation;EarlyOtherwiseBranch;EnumSizeOpt;ForceInline,cgp-gc-opts;loop-level-heuristics;nofree-inference,0.9167338536118042,1.5878709737782262,0.9960400621157444,1.139
1081,DataflowConstProp;EarlyOtherwiseBranch;EnumSizeOpt;ForceInline,cgp-gc-opts;i2p-p2i-opt;lftr;nofree-inference;preinline,0.9283512863794764,1.4513593145207806,0.996688015146243,1.139
1082,DataflowConstProp;InstSimplify-before-inline,block-placement;nofree-inference,0.9778171695729858,1.1039639102734875,0.9935284856204215,1.139
1083,DataflowConstProp;DestinationPropagation;EarlyOtherwiseBranch;EnumSizeOpt;ForceInline,cgp-gc-opts;ifcvt-triangle-rev;nofree-inference;preheader-prot;replace-with-vec-lib,0.9190950287558839,1.485172587635198,0.9966374980242602,1.139
1084,SingleUseConsts,cgp-gc-opts;nofree-inference;spill-fusing,0.992219832234928,1.0981761604773896,0.9998465835194713,1.139
1085,CopyProp;DataflowConstProp;DestinationPropagation;ForceInline;ScalarReplacementOfAggregates;SingleUseConsts,cgp-gc-opts;gep-const-evaluation;ifcvt-triangle-rev;nofree-inference,0.9792709942625327,1.7844786637886392,0.9963451552390556,1.139
1086,CopyProp;DataflowConstProp;DeadStoreElimination-final;ForceInline;Inline,cgp-gc-opts;nofree-inference;postra-machine-sink,1.0361327517604604,1.5483528254972942,1.0012175487812807,1.139
1087,ForceInline;Inline;ReferencePropagation,cgp-gc-opts;ifcvt-triangle-false;nofree-inference;vp,1.0564196453233514,1.24582272135273,1.0019329541336115,1.139
1088,DataflowConstProp;ForceInline;InstSimplify-before-inline;JumpThreading;SingleUseConsts,cgp-branch-opts;cgp-gc-opts;nofree-inference,1.0509909554837749,1.4541948781106042,0.9979602449815127,1.139
1089,CopyProp;DataflowConstProp;DestinationPropagation;EarlyOtherwiseBranch;EnumSizeOpt;ForceInline,2addr-hack;cgp-gc-opts;nofree-inference,0.9044923536032258,1.6244652636886334,0.9960400621157444,1.139
1090,CopyProp;DataflowConstProp;ForceInline,branch-fold;cgp-gc-opts;loop-idiom-vectorize-bytecmp;nofree-inference,0.9491565996637787,1.1641361069225094,0.9989663242114459,1.139
1091,DataflowConstProp;DeadStoreElimination-final,nofree-inference,0.9715469264192064,1.2373992842379709,0.9987377529063829,1.139
1092,CopyProp;DeadStoreElimination-final,cgp-gc-opts;chr;complex-addr-modes;machine-cse;nofree-inference,0.9599292185791807,1.4002025968426524,0.9996422388380257,1.139
1093,ForceInline;ImpossiblePredicates;UnreachablePropagation,cgp-gc-opts;nofree-inference;non-allocatable-phys-copy-opt;phi-elim-edge-splitting,1.0976825260978962,1.2526133061911664,0.998648027877241,1.139
1094,DataflowConstProp;DestinationPropagation,cgp-gc-opts;nofree-inference,0.9834537796551723,1.0819361734094228,0.998725007726922,1.139
1095,CopyProp;DataflowConstProp,cgp-gc-opts;chr;nofree-inference,0.961654055115016,1.112051988430731,0.9986867721885394,1.139
1096,ForceInline;UnreachablePropagation,cgp-gc-opts;nofree-inference;ssc,0.9669457384974792,1.1137980556843365,0.9989032471281312,1.139
1097,DataflowConstProp;ForceInline,cgp-gc-opts;interleaved-load-combine;nofree-inference;strictnode-mutation,1.0158080513321888,1.0916082394765678,0.9986230462912364,1.139
1098,CopyProp;DataflowConstProp;DestinationPropagation;EarlyOtherwiseBranch;EnumSizeOpt;ForceInline;JumpThreading;SingleUseConsts,cgp-gc-opts;nofree-inference,0.9647084701350223,2.041595998167917,0.9960649790857344,1.139
1099,CopyProp;DataflowConstProp,layout-fsprofile-loader;nofree-inference;thinlto-funcattrs,0.966873907711439,1.1346628247483797,0.9986867721885394,1.139
1100,CopyProp;DataflowConstProp;DeadStoreElimination-initial;EarlyOtherwiseBranch;ForceInline,cgp-gc-opts;constant-hoisting;nofree-inference,0.9095536516823898,1.526820364268741,0.9967518733927643,1.139
1101,CopyProp;DataflowConstProp;DeadStoreElimination-final;DestinationPropagation;EarlyOtherwiseBranch;EnumSizeOpt;ForceInline,cgp-gc-opts;nofree-inference;post-ra;tail-duplicate;vector-combine,0.8884621922072726,2.2752318611933586,0.9953668371479838,1.139
1102,CopyProp;DataflowConstProp;EnumSizeOpt;ForceInline;ReferencePropagation,mr-partial-inlining;nofree-inference,0.9147998596200014,1.4724049365435732,0.9962686133115097,1.139
1103,CopyProp;DataflowConstProp;EarlyOtherwiseBranch;EnumSizeOpt;ForceInline,cgp-gc-opts;expand-reductions;nofree-inference;ra-fsprofile-loader;sample-loader-inlining,0.9186091075978801,1.4264765384112514,0.9966756078987984,1.139
1104,CopyProp;DataflowConstProp;DestinationPropagation;EnumSizeOpt;ForceInline,cgp;cgp-gc-opts;nofree-inference;ra-fsprofile-loader;ssc,0.9834935446711888,1.3684265671813012,0.9978962949644528,1.139
1105,CopyProp;DataflowConstProp;ForceInline,cgp-gc-opts;chr;interleaved-load-combine;machine-dce;nofree-inference,0.9403279382556535,1.6088192245592952,0.998431729641707,1.139
1106,,cgp-gc-opts;ifcvt-diamond;nofree-inference,1.0028503389268375,0.912403464900458,1.0000000000000002,1.139
1107,CopyProp;DataflowConstProp;DestinationPropagation;EarlyOtherwiseBranch;EnumSizeOpt;ForceInline;SingleUseConsts;UnreachableEnumBranching,cgp-gc-opts;cgp-select2branch;i2p-p2i-opt;nofree-inference;non-allocatable-phys-copy-opt,0.9368803932715692,2.001264418658564,0.9950491534860133,1.139
1108,CopyProp;DataflowConstProp;DestinationPropagation;EarlyOtherwiseBranch;EnumSizeOpt;ForceInline;JumpThreading,cgp-gc-opts;nofree-inference,0.9747822368832092,1.7963775141192262,0.9967514557856775,1.139
1109,CopyProp;DataflowConstProp;ForceInline;InstSimplify-before-inline;SingleUseConsts,cgp-gc-opts;nofree-inference,0.9520011812708022,1.4314244773036673,0.9966247642361538,1.139
1110,CopyProp;DataflowConstProp;ForceInline,lsr;nofree-inference,0.9385943591773621,1.1869108321392754,0.9964970064369343,1.139
1111,CopyProp;DataflowConstProp;UnreachableEnumBranching,cgp-gc-opts;nofree-inference,0.9477746833720684,1.134567072899163,0.9980116998234948,1.139
1112,CopyProp;DeadStoreElimination-initial;ForceInline;ReferencePropagation,cgp-gc-opts;ifcvt-triangle-false;nofree-inference;non-allocatable-phys-copy-opt,0.9546942771290724,1.4414545076621423,0.9969552303538542,1.139
1113,CopyProp;DataflowConstProp;EarlyOtherwiseBranch;EnumSizeOpt;ForceInline;InstSimplify-after-simplifycfg,cgp-gc-opts;nofree-inference,0.9196483474286773,1.6758210666082647,0.9962180149349988,1.139
1114,DeadStoreElimination-final;DestinationPropagation;ForceInline,cgp-gc-opts;layout-fsprofile-loader;nofree-inference,0.9664825055400977,1.3448875741623025,0.9981518111328964,1.139
1115,CopyProp;DeadStoreElimination-initial;DestinationPropagation;EarlyOtherwiseBranch;EnumSizeOpt;ForceInline;GVN,cgp-gc-opts;nofree-inference,0.9438560438729708,2.0248054392445516,0.9954938134049017,1.139
1116,CopyProp;DataflowConstProp;DestinationPropagation;ForceInline;InstSimplify-before-inline;ReferencePropagation,cgp-gc-opts;constant-hoisting;nofree-inference,0.9446262667849327,1.464329802766474,0.9958111093257556,1.139
1117,UnreachableEnumBranching,cgp-gc-opts;loop-idiom-vectorize-all;nofree-inference;preheader-prot,0.9794618943271063,1.0245693707600276,0.9992985492611632,1.139
1118,DataflowConstProp;JumpThreading;ReferencePropagation;UnreachablePropagation,cgp-gc-opts;nofree-inference,1.0273750200220793,1.3018694559905606,0.9982911539249918,1.139
1119,CopyProp;DataflowConstProp;DeadStoreElimination-initial;DestinationPropagation;EarlyOtherwiseBranch;EnumSizeOpt;ForceInline,cgp-ext-ld-promotion;cgp-gc-opts;licm-promotion;nofree-inference,0.8817430518593152,1.8385782129522419,0.9932340041776584,1.139
1120,CopyProp;DataflowConstProp;DestinationPropagation;ForceInline,adv-copy-opt;cgp-gc-opts;nofree-inference;ondemand-mds-loading;tail-duplicate;whole-program-visibility,0.9373318969218417,1.2502063459442105,0.9973116864740946,1.171
1121,CopyProp;DataflowConstProp;EarlyOtherwiseBranch;EnumSizeOpt;ForceInline;SingleUseConsts,2addr-hack;cgp-gc-opts;ifcvt-triangle;nofree-inference;phi-elim-edge-splitting,0.912360430577315,1.653335570862915,0.9966496958330707,1.171
1122,EarlyOtherwiseBranch;EnumSizeOpt;ForceInline,cgp-gc-opts;nofree-inference;peephole;type-promotion,0.9495825983675666,1.3019919642184845,1.0010662775655867,1.171
1123,ScalarReplacementOfAggregates,auto-upgrade-debug-info;nofree-inference,0.9997190236062029,1.1472311367828718,0.9996173811011776,1.171
1124,CopyProp;DataflowConstProp;DestinationPropagation;EnumSizeOpt;ForceInline,cgp-gc-opts;machine-cse;nofree-inference,0.9344379301177382,1.5512233481958575,0.9975655277322985,1.171
1125,CopyProp;DataflowConstProp;DestinationPropagation;ForceInline;InstSimplify-before-inline,cgp-gc-opts;copyprop;nofree-inference,0.9558415359460743,1.8281587844914389,0.99698076591262,1.171
1126,CopyProp;ForceInline;MatchBranchSimplification,cgp-gc-opts;nofree-inference,0.9508979397886138,1.2290022921386172,0.9980626486812338,1.171
1127,CopyProp;DataflowConstProp;DestinationPropagation;ForceInline,cgp-gc-opts;gep-const-evaluation;nofree-inference,0.9984372184344458,1.3583546590389537,0.9974134542707735,1.171
1128,CopyProp;DataflowConstProp;DeadStoreElimination-final;DestinationPropagation;EarlyOtherwiseBranch;EnumSizeOpt;ForceInline;SingleUseConsts,cgp-gc-opts;nofree-inference;postra-machine-licm;tail-duplicate;type-promotion,0.8855296605123839,2.226758217654614,0.9947066863122437,1.171
1129,DataflowConstProp;EnumSizeOpt;ForceInline;ScalarReplacementOfAggregates,cgp-gc-opts;nofree-inference,0.945483294060823,1.399132060214909,0.9975534517025167,1.171
1130,DataflowConstProp;EnumSizeOpt;ForceInline;SingleUseConsts,cgp-gc-opts;nofree-inference,0.9411066382820893,1.396478216594521,0.9972479885839886,1.171
1131,CopyProp;DataflowConstProp;DeadStoreElimination-final;DestinationPropagation;EarlyOtherwiseBranch;EnumSizeOpt;ForceInline;UnreachablePropagation,cgp-gc-opts;last-run-tracking;nofree-inference,0.8931069429794951,2.0321238733046085,0.9947828134422124,1.171
1132,CopyProp;DestinationPropagation;EnumSizeOpt;ReferencePropagation,cgp-gc-opts;nofree-inference,0.9547657373812816,1.3139182185497609,0.9970570215021546,1.171
1133,CopyProp;DataflowConstProp;DeadStoreElimination-initial;EnumSizeOpt,cgp-gc-opts;memop-opt;nofree-inference;ra-fsprofile-loader,0.9522133876838235,1.3623468919113353,0.9973116267336811,1.171
1134,CopyProp;DataflowConstProp;EnumSizeOpt;ForceInline,cgp-gc-opts;nofree-inference;phi-elim-edge-splitting;ssc,0.9311640011731045,1.3108197942794118,0.9983039613151071,1.171
1135,CopyProp;DataflowConstProp;ForceInline,auto-upgrade-debug-info;cgp-gc-opts;nofree-inference,0.9477644302390796,1.2042864559262687,0.9979989626090607,1.171
1136,CopyProp;DataflowConstProp;DeadStoreElimination-final;DestinationPropagation;EarlyOtherwiseBranch;EnumSizeOpt;ForceInline,cgp-gc-opts;loop-idiom-vectorize-bytecmp;nofree-inference,0.9089129404719127,1.8725508674443059,0.9954684064881186,1.171
1137,EarlyOtherwiseBranch,cgp-gc-opts;cgp-select2branch;demotion;nofree-inference,1.0336766894829135,1.2005930025712848,0.9993112859821192,1.171
1138,DataflowConstProp;EarlyOtherwiseBranch;EnumSizeOpt;ForceInline,cgp-gc-opts;machine-licm;nofree-inference,0.9277675142473832,1.3416210703819846,0.9962813549016336,1.171
1139,DataflowConstProp;EarlyOtherwiseBranch;ForceInline;GVN;MatchBranchSimplification,nofree-inference,0.9657996425944672,1.6815645283427478,0.9967646806708345,1.171
1140,CopyProp;DataflowConstProp;MatchBranchSimplification;UnreachableEnumBranching,cgp-gc-opts;nofree-inference,0.9371918157066699,1.2361986920653878,0.9973879981987493,1.171
1141,CopyProp;DataflowConstProp;DestinationPropagation;EarlyOtherwiseBranch;EnumSizeOpt;ForceInline;SingleUseConsts,cgp-gc-opts;nofree-inference;peephole,0.8889713782227475,1.7630271314754058,0.9984769738606765,1.171
1142,CopyProp;DataflowConstProp;DeadStoreElimination-final;DestinationPropagation;EarlyOtherwiseBranch;EnumSizeOpt;ForceInline;MatchBranchSimplification;SingleUseConsts,cgp-gc-opts;nofree-inference,0.8776028959249692,2.335501714217306,0.9941611296912879,1.171
1143,CopyProp;DataflowConstProp;DestinationPropagation;EnumSizeOpt;ForceInline,cgp-gc-opts;dfa-sched;licm-promotion;nofree-inference,0.9209983866708109,1.3593492101551348,0.994578157566547,1.171
1144,CopyProp;DataflowConstProp;DestinationPropagation;EnumSizeOpt;ForceInline,binop-extract-shuffle;cgp-gc-opts;nofree-inference,0.9320229183294971,1.4132693082708903,0.996726521643194,1.171
1145,DataflowConstProp;EarlyOtherwiseBranch;EnumSizeOpt;ForceInline,cgp-gc-opts;early-taildup;nofree-inference,0.9389968956566271,1.5269257014230149,0.997502365868819,1.171
1146,CopyProp;DataflowConstProp;DeadStoreElimination-initial;DestinationPropagation;EarlyOtherwiseBranch;EnumSizeOpt;ForceInline;ScalarReplacementOfAggregates;SingleUseConsts,cgp-gc-opts;nofree-inference;sample-loader-inlining,0.8929584833435755,2.371913606595802,0.9942879820686111,1.171
1147,CopyProp;DataflowConstProp;DestinationPropagation;EarlyOtherwiseBranch;EnumSizeOpt;ForceInline,cgp-gc-opts;ifcvt-diamond;nofree-inference,0.9269175114176758,1.5432383291551985,0.9960400621157444,1.171
1148,DataflowConstProp;ForceInline,cgp-gc-opts;licm-promotion;nofree-inference,0.9544920382526619,1.095313364603313,0.9964705944078182,1.171
1149,CopyProp;ForceInline;ReferencePropagation,cgp-gc-opts;ifcvt-triangle;nofree-inference,0.9344463957673999,1.1694872144293909,0.9976423206048862,1.171
1150,ForceInline,cgp-gc-opts;ifcvt-simple-false;nofree-inference,0.9795168055307837,1.0803481659894776,0.9993112859821192,1.171
1151,CopyProp;DataflowConstProp;DeadStoreElimination-final;DeadStoreElimination-initial;DestinationPropagation;EnumSizeOpt;ForceInline;SingleUseConsts,cgp-gc-opts;cgp-select2branch;nofree-inference;type-promotion,0.9337862490290048,2.167066583427883,0.9947828134422124,1.171
1152,DataflowConstProp;EnumSizeOpt;ForceInline;GVN;Inline,cgp-gc-opts;constant-hoisting;nofree-inference;separate-const-offset-from-gep,1.003274885829578,1.547020555990395,1.0011792134150241,1.171
1153,CopyProp;DataflowConstProp;EarlyOtherwiseBranch;EnumSizeOpt;ForceInline,cgdata-for-merging;cgp;cgp-gc-opts;nofree-inference,0.9674948390367439,1.488958475261845,0.9975145283324276,1.171
1154,CopyProp;DataflowConstProp;DestinationPropagation;EarlyOtherwiseBranch;EnumSizeOpt;ForceInline;ScalarReplacementOfAggregates,cgp-gc-opts;nofree-inference;ssc,0.8983395665915237,1.8055026041565663,0.9959383275157795,1.171
1155,DataflowConstProp;InstSimplify-after-simplifycfg,branch-fold;licm-promotion;lsr;nofree-inference,0.9602623349146301,1.0907266439142869,0.9962150042146836,1.171
1156,CopyProp;DataflowConstProp;DestinationPropagation;EarlyOtherwiseBranch;ForceInline,cgp-gc-opts;machine-cse;nofree-inference;type-promotion,0.9240227868899222,1.6253179923893042,0.9975655277322985,1.171
1157,CopyProp;JumpThreading,nofree-inference;preheader-prot,1.0135475072014632,1.2030718912174625,1.0000633212017014,1.171
1158,CopyProp;DataflowConstProp;EnumSizeOpt;ForceInline;MatchBranchSimplification;ScalarReplacementOfAggregates;UnreachablePropagation,cgp-gc-opts;nofree-inference,0.9024501489941615,1.7555090212267255,0.9956208402073208,1.171
1159,CopyProp;DataflowConstProp;DestinationPropagation;EarlyOtherwiseBranch;EnumSizeOpt;ForceInline;InstSimplify-after-simplifycfg;JumpThreading,cgp-gc-opts;ifcvt-triangle-rev;nofree-inference;type-promotion,1.017863768852566,2.106099254649338,0.9963446547783028,1.171
1160,DataflowConstProp;DeadStoreElimination-initial;EnumSizeOpt,nofree-inference;select-optimize,0.950572682014442,1.3112609588390236,0.9979352806006764,1.171
1161,CopyProp;DataflowConstProp;DestinationPropagation;EarlyOtherwiseBranch;EnumSizeOpt;ForceInline;GVN;SingleUseConsts,cgp-gc-opts;cgp-select2branch;nofree-inference;promote-alloca-to-vector;separate-const-offset-from-gep,1.0448865048174465,2.236583126023372,0.9948082028608957,1.171
1162,CopyProp;DataflowConstProp;EarlyOtherwiseBranch;EnumSizeOpt;ForceInline,cgp-gc-opts;nofree-inference,0.9127410314329955,1.4891605649485067,0.9966247642361538,1.171
1163,CopyProp;ForceInline;InstSimplify-after-simplifycfg,cgp-gc-opts;nofree-inference,0.9689129118569169,1.2693480119555018,0.998279181326625,1.171
1164,CopyProp;DataflowConstProp;DestinationPropagation;EarlyOtherwiseBranch;EnumSizeOpt;ForceInline;UnreachableEnumBranching,i2p-p2i-opt;nofree-inference,0.8940003522010859,1.8677808405685024,0.9957349300904604,1.171
1165,DataflowConstProp,cgp-gc-opts;machine-dce;nofree-inference;strictnode-mutation,0.958476784003625,1.2142503361879207,0.9997446220837857,1.171
1166,DataflowConstProp;ForceInline,cgp-gc-opts;interleaved-load-combine;nofree-inference,0.977696980966122,1.1441580866428231,0.9986230462912364,1.171
1167,DataflowConstProp;ImpossiblePredicates,cgp-gc-opts;nofree-inference;ssc,0.9727954834577021,1.0794090015659223,0.9989032471281312,1.171
1168,DeadStoreElimination-initial;UnreachableEnumBranching,cgp-gc-opts;global-outlining;nofree-inference;sample-loader-inlining,1.0036463759984013,1.1605351837329165,0.9986357914706965,1.171
1169,DataflowConstProp;Inline;JumpThreading;ReferencePropagation,nofree-inference;select-optimize,1.0109989019195973,1.347645183108,1.0026485566363403,1.171
1170,DataflowConstProp;ImpossiblePredicates,cgp-gc-opts;nofree-inference;replace-with-vec-lib,0.9482745759305828,1.063193595557157,0.9986230462912364,1.171
1171,DataflowConstProp;ReferencePropagation,block-placement;nofree-inference,0.9609149501004994,1.129293959933491,0.9931734411728905,1.171
1172,CopyProp;DataflowConstProp;EarlyOtherwiseBranch;ForceInline;ReferencePropagation,cgp-gc-opts;machine-cse;nofree-inference;partial-libcall-inlining,0.9397178516216115,1.5938419193437314,0.9971072339509746,1.171
1173,CopyProp;DataflowConstProp;DestinationPropagation;EarlyOtherwiseBranch;EnumSizeOpt;ForceInline;GVN,cgp-gc-opts;nofree-inference,0.9391869789874908,1.8812694778208372,0.9954938134049017,1.171
1174,DataflowConstProp,cgp-gc-opts;nofree-inference;preinline;tail-calls,0.9916259644897863,1.0503428018419994,0.9993112859821192,1.171
1175,CopyProp;DataflowConstProp;DestinationPropagation;ForceInline,cgp-gc-opts;loop-idiom-vectorize-bytecmp;nofree-inference,0.9510066297612685,1.2761406430674553,0.9974134542707735,1.171
1176,GVN;ImpossiblePredicates,cgp-gc-opts;nofree-inference,1.0292793939179323,1.2119966427199607,0.9987632432653043,1.171
1177,CopyProp;DeadStoreElimination-final,cgdata-for-merging;cgp-gc-opts;nofree-inference,0.9639641756864887,1.1812228989692806,0.9988014861235471,1.171
1178,CopyProp;DataflowConstProp;DeadStoreElimination-initial;ForceInline,interleaved-load-combine;nofree-inference;ra-fsprofile-loader,0.9374082689363777,1.4111945519457072,0.9973116267336811,1.171
1179,CopyProp;DataflowConstProp;DestinationPropagation;EnumSizeOpt;ForceInline,cgdata-for-merging;cgp-gc-opts;nofree-inference,0.9248469867027209,1.403705442322482,0.996726521643194,1.171
1180,CopyProp;DataflowConstProp;EarlyOtherwiseBranch;ForceInline,cgp-gc-opts;ifcvt-diamond;nofree-inference;ondemand-mds-loading;promote-alloca-to-vector,0.984752447139536,1.3301832929299955,0.9973116267336811,1.171
1181,UnreachablePropagation,cgp-gc-opts;nofree-inference,0.9896925673047499,1.018928104662012,0.9993112859821192,1.171
1182,DataflowConstProp;DestinationPropagation;ImpossiblePredicates;MatchBranchSimplification,nofree-inference,0.964304335933262,1.3490499386095456,0.9974134542707735,1.171
1183,ForceInline;Inline;InstSimplify-before-inline,cgp-gc-opts;nofree-inference;vp,1.0934557150403552,1.1857381727709018,1.0022911299742214,1.171
1184,DataflowConstProp;ForceInline,adv-copy-opt;cgp-gc-opts;nofree-inference,0.9626325878460494,1.1372847947277556,0.9986230462912364,1.171
1185,DataflowConstProp;DestinationPropagation;ForceInline;Inline;ScalarReplacementOfAggregates,nofree-inference;sample-loader-inlining,0.9709552380992648,1.5371480390708652,1.0013198329588555,1.171
1186,CopyProp;DataflowConstProp;DeadStoreElimination-final;DestinationPropagation;EarlyOtherwiseBranch;EnumSizeOpt;ForceInline;InstSimplify-before-inline,auto-upgrade-debug-info;cgp-gc-opts;demotion;nofree-inference,0.9470175806130888,2.3046449526462385,0.9947828134422124,1.171
1187,CopyProp;DataflowConstProp;DeadStoreElimination-final;DestinationPropagation;EarlyOtherwiseBranch;EnumSizeOpt;ForceInline;ScalarReplacementOfAggregates;UnreachableEnumBranching,cgp-gc-opts;nofree-inference,0.8761520145875762,2.2632732986671087,0.9944148820472879,1.171
1188,CopyProp;DataflowConstProp;EarlyOtherwiseBranch;EnumSizeOpt;ForceInline,cgp-gc-opts;licm-promotion;nofree-inference;separate-const-offset-from-gep;vp,0.8911507472264562,1.4772650691598357,0.9944766194894364,1.171
1189,CopyProp;DataflowConstProp;EarlyOtherwiseBranch;EnumSizeOpt;ForceInline,cgp-gc-opts;nofree-inference;replace-with-vec-lib,0.9164336146407391,1.4482439605058088,0.9966247642361538,1.171
1190,CopyProp;DataflowConstProp;DestinationPropagation;ForceInline,cgp-gc-opts;layout-fsprofile-loader;nofree-inference,0.9408575799287705,1.2984402520489342,0.9974134542707735,1.171
1191,CopyProp;DataflowConstProp;DestinationPropagation;EarlyOtherwiseBranch;EnumSizeOpt;ForceInline;MatchBranchSimplification;SingleUseConsts,cgp-gc-opts;cgp-select2branch;nofree-inference,0.9330540645332109,1.945498932833048,0.9947320346048448,1.171
1192,DataflowConstProp;EarlyOtherwiseBranch;EnumSizeOpt;ForceInline,cgp-gc-opts;nofree-inference;nounwind-inference,0.930681015682386,1.4232024577801552,0.9976549922397169,1.171
1193,DataflowConstProp;EarlyOtherwiseBranch;EnumSizeOpt;ForceInline;GVN,cgp-gc-opts;early-ifcvt;ifcvt-forked-diamond;nofree-inference,0.9683756352708319,1.5513570946983675,0.9967010774216029,1.171
1194,JumpThreading;MatchBranchSimplification,cgp-gc-opts;nofree-inference,1.0619378974131,1.157203235180194,1.000088831394195,1.171
1195,CopyProp;DataflowConstProp;DeadStoreElimination-initial;EarlyOtherwiseBranch;EnumSizeOpt;ForceInline,2addr-hack;cgp-gc-opts;nofree-inference,0.894309929522056,1.7131326586963282,0.9959383747904568,1.171
1196,CopyProp;DataflowConstProp;EarlyOtherwiseBranch;EnumSizeOpt;ForceInline;GVN,cgp-gc-opts;nofree-inference,0.9410567145063883,1.7444761577933732,0.9960781948627276,1.171
1197,DataflowConstProp;EnumSizeOpt;ForceInline,cgp-gc-opts;interleaved-load-combine;nofree-inference,0.9609283549927278,1.26573649757514,0.9979352806006764,1.171
1198,CopyProp;DataflowConstProp;DeadStoreElimination-initial;DestinationPropagation;ForceInline;InstSimplify-after-simplifycfg,cgp-gc-opts;nofree-inference,0.93692784523519,1.6450059081556005,0.9963197308121117,1.171
1199,EnumSizeOpt;ForceInline,cgp-gc-opts;nofree-inference;promote-alloca-to-vector,1.001632545192315,1.233853216294521,0.9986230462912364,1.171
1200,DataflowConstProp;DeadStoreElimination-final,cgp;early-taildup;nofree-inference,1.0245165374221616,1.378946841077592,0.9998843881656341,1.171
